. Sequence file : [Hominid_ODAM.phy]

. Model of nucleotides substitution : GTR

. Initial tree : [BioNJ]


. Data	Nb of 	Likelihood	Discrete   	Number of 	Gamma shape	Proportion of	Nucleotides frequencies               	Instantaneous rate matrix              	
  set	taxa	loglk     	gamma model	categories	parameter  	invariant    	f(A)      f(C)      f(G)      f(T)    	[A---------C---------G---------T------]	

  #1	4   	-14265.74237	Yes        	4        	0.867    	0.199    	 0.34045   0.17547   0.15603   0.32805	-0.64244   0.15425   0.40365   0.08453  
      	     	          	           	          	           	             	                                      	 0.29929  -1.57290   0.24270   1.03091  
      	     	          	           	          	           	             	                                      	 0.88075   0.27293  -1.52417   0.37049  
      	     	          	           	          	           	             	                                      	 0.08773   0.55141   0.17621  -0.81535  
  #2	4   	-14108.56620	Yes        	4        	0.855    	0.199    	 0.33407   0.17147   0.15346   0.34100	-0.67462   0.11043   0.44400   0.12019  
      	     	          	           	          	           	             	                                      	 0.21514  -1.61297   0.26647   1.13136  
      	     	          	           	          	           	             	                                      	 0.96655   0.29774  -1.49199   0.22770  
      	     	          	           	          	           	             	                                      	 0.11775   0.56891   0.10247  -0.78913  
  #3	4   	-14327.60823	Yes        	4        	0.314    	0.207    	 0.33124   0.17209   0.15589   0.34078	-0.70951   0.22446   0.40999   0.07506  
      	     	          	           	          	           	             	                                      	 0.43202  -1.69582   0.17602   1.08778  
      	     	          	           	          	           	             	                                      	 0.87116   0.19432  -1.37014   0.30466  
      	     	          	           	          	           	             	                                      	 0.07296   0.54933   0.13936  -0.76165  
  #4	4   	-14309.81985	Yes        	4        	0.598    	0.194    	 0.34536   0.16912   0.15487   0.33064	-0.72529   0.16809   0.43074   0.12646  
      	     	          	           	          	           	             	                                      	 0.34326  -1.54579   0.18607   1.01646  
      	     	          	           	          	           	             	                                      	 0.96052   0.20319  -1.46164   0.29793  
      	     	          	           	          	           	             	                                      	 0.13208   0.51991   0.13955  -0.79154  
  #5	4   	-14279.87697	Yes        	4        	0.417    	0.188    	 0.33507   0.16735   0.15935   0.33823	-0.69715   0.15009   0.42020   0.12687  
      	     	          	           	          	           	             	                                      	 0.30051  -1.60944   0.19830   1.11064  
      	     	          	           	          	           	             	                                      	 0.88355   0.20826  -1.38897   0.29716  
      	     	          	           	          	           	             	                                      	 0.12568   0.54953   0.14000  -0.81521  
  #6	4   	-14244.34572	Yes        	4        	0.932    	0.199    	 0.33623   0.17177   0.16204   0.32996	-0.67087   0.19088   0.39551   0.08448  
      	     	          	           	          	           	             	                                      	 0.37365  -1.69993   0.27830   1.04798  
      	     	          	           	          	           	             	                                      	 0.82069   0.29502  -1.40339   0.28768  
      	     	          	           	          	           	             	                                      	 0.08609   0.54556   0.14127  -0.77292  
  #7	4   	-14292.78316	Yes        	4        	0.892    	0.199    	 0.33860   0.16848   0.15764   0.33528	-0.69667   0.17289   0.42023   0.10355  
      	     	          	           	          	           	             	                                      	 0.34745  -1.65320   0.23317   1.07258  
      	     	          	           	          	           	             	                                      	 0.90266   0.24921  -1.43171   0.27983  
      	     	          	           	          	           	             	                                      	 0.10457   0.53898   0.13157  -0.77512  
  #8	4   	-14271.96604	Yes        	4        	0.741    	0.197    	 0.33440   0.16800   0.16353   0.33407	-0.75823   0.17674   0.46720   0.11429  
      	     	          	           	          	           	             	                                      	 0.35180  -1.55772   0.20920   0.99672  
      	     	          	           	          	           	             	                                      	 0.95539   0.21492  -1.43849   0.26818  
      	     	          	           	          	           	             	                                      	 0.11440   0.50123   0.13128  -0.74691  
  #9	4   	-14263.94396	Yes        	4        	0.361    	0.210    	 0.33785   0.17532   0.15368   0.33315	-0.73958   0.18867   0.45401   0.09690  
      	     	          	           	          	           	             	                                      	 0.36359  -1.50341   0.18313   0.95670  
      	     	          	           	          	           	             	                                      	 0.99807   0.20890  -1.53428   0.32731  
      	     	          	           	          	           	             	                                      	 0.09827   0.50345   0.15099  -0.75272  
  #10	4   	-14383.93138	Yes        	4        	0.606    	0.194    	 0.33690   0.17031   0.15650   0.33629	-0.78871   0.15759   0.50703   0.12408  
      	     	          	           	          	           	             	                                      	 0.31175  -1.48216   0.25150   0.91891  
      	     	          	           	          	           	             	                                      	 1.09147   0.27368  -1.58850   0.22335  
      	     	          	           	          	           	             	                                      	 0.12431   0.46536   0.10394  -0.69362  
  #11	4   	-14273.23672	Yes        	4        	0.603    	0.195    	 0.33242   0.17136   0.15412   0.34210	-0.68617   0.18268   0.36558   0.13791  
      	     	          	           	          	           	             	                                      	 0.35438  -1.71323   0.27072   1.08813  
      	     	          	           	          	           	             	                                      	 0.78854   0.30100  -1.34291   0.25337  
      	     	          	           	          	           	             	                                      	 0.13401   0.54505   0.11415  -0.79321  
  #12	4   	-14373.65474	Yes        	4        	0.329    	0.208    	 0.34043   0.16698   0.15962   0.33297	-0.72507   0.15723   0.44542   0.12241  
      	     	          	           	          	           	             	                                      	 0.32056  -1.46526   0.15138   0.99331  
      	     	          	           	          	           	             	                                      	 0.94997   0.15836  -1.49691   0.38858  
      	     	          	           	          	           	             	                                      	 0.12515   0.49813   0.18628  -0.80956  
  #13	4   	-14006.41913	Yes        	4        	0.405    	0.188    	 0.33735   0.16908   0.15200   0.34157	-0.70928   0.19798   0.42567   0.08563  
      	     	          	           	          	           	             	                                      	 0.39501  -1.72488   0.19206   1.13781  
      	     	          	           	          	           	             	                                      	 0.94470   0.21364  -1.39434   0.23600  
      	     	          	           	          	           	             	                                      	 0.08457   0.56322   0.10502  -0.75282  
  #14	4   	-14160.25156	Yes        	4        	0.778    	0.197    	 0.33548   0.17169   0.15208   0.34075	-0.72280   0.19749   0.40412   0.12120  
      	     	          	           	          	           	             	                                      	 0.38589  -1.66695   0.23635   1.04471  
      	     	          	           	          	           	             	                                      	 0.89145   0.26683  -1.40532   0.24704  
      	     	          	           	          	           	             	                                      	 0.11932   0.52639   0.11026  -0.75597  
  #15	4   	-14312.46785	Yes        	4        	0.661    	0.195    	 0.34451   0.16809   0.15528   0.33212	-0.68879   0.17956   0.41264   0.09659  
      	     	          	           	          	           	             	                                      	 0.36803  -1.69375   0.24778   1.07794  
      	     	          	           	          	           	             	                                      	 0.91551   0.26822  -1.44045   0.25673  
      	     	          	           	          	           	             	                                      	 0.10019   0.54556   0.12003  -0.76578  
  #16	4   	-14309.07818	Yes        	4        	0.754    	0.198    	 0.33576   0.17200   0.15503   0.33721	-0.70040   0.17264   0.40565   0.12211  
      	     	          	           	          	           	             	                                      	 0.33701  -1.52554   0.21503   0.97350  
      	     	          	           	          	           	             	                                      	 0.87856   0.23857  -1.50677   0.38964  
      	     	          	           	          	           	             	                                      	 0.12158   0.49656   0.17913  -0.79727  
  #17	4   	-14161.78925	Yes        	4        	0.323    	0.205    	 0.33528   0.17119   0.15743   0.33610	-0.69777   0.15453   0.43157   0.11167  
      	     	          	           	          	           	             	                                      	 0.30266  -1.50453   0.19927   1.00259  
      	     	          	           	          	           	             	                                      	 0.91912   0.21669  -1.51887   0.38306  
      	     	          	           	          	           	             	                                      	 0.11140   0.51065   0.17943  -0.80148  
  #18	4   	-14176.94174	Yes        	4        	0.422    	0.211    	 0.33488   0.16669   0.16473   0.33370	-0.68584   0.19482   0.35431   0.13671  
      	     	          	           	          	           	             	                                      	 0.39139  -1.75068   0.20633   1.15297  
      	     	          	           	          	           	             	                                      	 0.72026   0.20878  -1.19459   0.26555  
      	     	          	           	          	           	             	                                      	 0.13720   0.57594   0.13109  -0.84423  
  #19	4   	-14478.09007	Yes        	4        	0.487    	0.190    	 0.33898   0.16927   0.15756   0.33418	-0.72477   0.17987   0.43352   0.11137  
      	     	          	           	          	           	             	                                      	 0.36020  -1.58236   0.18836   1.03379  
      	     	          	           	          	           	             	                                      	 0.93273   0.20237  -1.43617   0.30107  
      	     	          	           	          	           	             	                                      	 0.11297   0.52365   0.14194  -0.77856  
  #20	4   	-14236.48612	Yes        	4        	1.753    	0.204    	 0.33968   0.17552   0.15863   0.32616	-0.73920   0.18234   0.43197   0.12488  
      	     	          	           	          	           	             	                                      	 0.35288  -1.52842   0.23722   0.93831  
      	     	          	           	          	           	             	                                      	 0.92502   0.26249  -1.45588   0.26838  
      	     	          	           	          	           	             	                                      	 0.13006   0.50495   0.13052  -0.76553  
  #21	4   	-14305.12021	Yes        	4        	0.653    	0.195    	 0.33200   0.17294   0.15799   0.33708	-0.73916   0.20616   0.41015   0.12284  
      	     	          	           	          	           	             	                                      	 0.39578  -1.65766   0.21258   1.04929  
      	     	          	           	          	           	             	                                      	 0.86188   0.23269  -1.32482   0.23025  
      	     	          	           	          	           	             	                                      	 0.12099   0.53834   0.10792  -0.76725  
  #22	4   	-14413.30237	Yes        	4        	0.317    	0.228    	 0.33403   0.17406   0.15715   0.33476	-0.68426   0.16673   0.43517   0.08236  
      	     	          	           	          	           	             	                                      	 0.31998  -1.66008   0.16133   1.17877  
      	     	          	           	          	           	             	                                      	 0.92493   0.17868  -1.34659   0.24297  
      	     	          	           	          	           	             	                                      	 0.08218   0.61289   0.11406  -0.80914  
  #23	4   	-14405.27418	Yes        	4        	0.682    	0.196    	 0.33104   0.17861   0.15588   0.33447	-0.71579   0.17576   0.41889   0.12114  
      	     	          	           	          	           	             	                                      	 0.32577  -1.49413   0.16402   1.00434  
      	     	          	           	          	           	             	                                      	 0.88959   0.18793  -1.42626   0.34874  
      	     	          	           	          	           	             	                                      	 0.11990   0.53633   0.16253  -0.81877  
  #24	4   	-14241.39874	Yes        	4        	0.415    	0.208    	 0.34492   0.16579   0.15335   0.33594	-0.71598   0.20869   0.40131   0.10599  
      	     	          	           	          	           	             	                                      	 0.43418  -1.66122   0.20539   1.02165  
      	     	          	           	          	           	             	                                      	 0.90260   0.22204  -1.44820   0.32356  
      	     	          	           	          	           	             	                                      	 0.10882   0.50418   0.14770  -0.76070  
  #25	4   	-14243.68020	Yes        	4        	0.390    	0.207    	 0.33722   0.17593   0.15501   0.33185	-0.72558   0.19927   0.43723   0.08908  
      	     	          	           	          	           	             	                                      	 0.38196  -1.57751   0.14071   1.05484  
      	     	          	           	          	           	             	                                      	 0.95119   0.15970  -1.40114   0.29024  
      	     	          	           	          	           	             	                                      	 0.09052   0.55923   0.13557  -0.78532  
  #26	4   	-14328.45759	Yes        	4        	0.467    	0.189    	 0.32940   0.17092   0.16606   0.33362	-0.69758   0.19793   0.40064   0.09900  
      	     	          	           	          	           	             	                                      	 0.38147  -1.72909   0.23809   1.10954  
      	     	          	           	          	           	             	                                      	 0.79470   0.24504  -1.27994   0.24019  
      	     	          	           	          	           	             	                                      	 0.09775   0.56842   0.11956  -0.78573  
  #27	4   	-14082.63285	Yes        	4        	0.812    	0.198    	 0.33888   0.16892   0.15365   0.33855	-0.65508   0.16391   0.39984   0.09133  
      	     	          	           	          	           	             	                                      	 0.32883  -1.69660   0.21822   1.14955  
      	     	          	           	          	           	             	                                      	 0.88189   0.23991  -1.42742   0.30562  
      	     	          	           	          	           	             	                                      	 0.09142   0.57358   0.13870  -0.80370  
  #28	4   	-14006.79781	Yes        	4        	0.271    	0.207    	 0.34781   0.16744   0.15513   0.32962	-0.70818   0.17095   0.43909   0.09815  
      	     	          	           	          	           	             	                                      	 0.35509  -1.60077   0.20402   1.04165  
      	     	          	           	          	           	             	                                      	 0.98446   0.22021  -1.49548   0.29081  
      	     	          	           	          	           	             	                                      	 0.10356   0.52913   0.13686  -0.76956  
  #29	4   	-14256.35878	Yes        	4        	0.287    	0.324    	 0.34145   0.17151   0.16103   0.32601	-0.72252   0.18444   0.43068   0.10740  
      	     	          	           	          	           	             	                                      	 0.36718  -1.59548   0.27618   0.95212  
      	     	          	           	          	           	             	                                      	 0.91324   0.29417  -1.47213   0.26472  
      	     	          	           	          	           	             	                                      	 0.11248   0.50091   0.13075  -0.74415  
  #30	4   	-14057.06781	Yes        	4        	0.357    	0.207    	 0.33802   0.17074   0.15257   0.33866	-0.76256   0.21742   0.42233   0.12281  
      	     	          	           	          	           	             	                                      	 0.43043  -1.51097   0.15534   0.92520  
      	     	          	           	          	           	             	                                      	 0.93567   0.17384  -1.48797   0.37846  
      	     	          	           	          	           	             	                                      	 0.12258   0.46646   0.17050  -0.75954  
  #31	4   	-14273.77869	Yes        	4        	0.381    	0.207    	 0.33409   0.17137   0.15846   0.33608	-0.68733   0.15640   0.44273   0.08821  
      	     	          	           	          	           	             	                                      	 0.30491  -1.52001   0.17055   1.04456  
      	     	          	           	          	           	             	                                      	 0.93344   0.18444  -1.51000   0.39212  
      	     	          	           	          	           	             	                                      	 0.08769   0.53263   0.18489  -0.80520  
  #32	4   	-14189.52359	Yes        	4        	0.315    	0.261    	 0.33726   0.16951   0.15447   0.33876	-0.66627   0.12172   0.46903   0.07552  
      	     	          	           	          	           	             	                                      	 0.24218  -1.48409   0.22734   1.01457  
      	     	          	           	          	           	             	                                      	 1.02405   0.24946  -1.69289   0.41939  
      	     	          	           	          	           	             	                                      	 0.07518   0.50766   0.19124  -0.77408  
  #33	4   	-14128.66841	Yes        	4        	0.367    	0.207    	 0.33153   0.16930   0.15507   0.34409	-0.69526   0.17435   0.39957   0.12134  
      	     	          	           	          	           	             	                                      	 0.34141  -1.63438   0.23008   1.06289  
      	     	          	           	          	           	             	                                      	 0.85427   0.25120  -1.43173   0.32626  
      	     	          	           	          	           	             	                                      	 0.11691   0.52297   0.14703  -0.78692  
  #34	4   	-14073.47479	Yes        	4        	0.664    	0.196    	 0.34011   0.16879   0.15444   0.33666	-0.72398   0.14738   0.46267   0.11394  
      	     	          	           	          	           	             	                                      	 0.29696  -1.52688   0.20023   1.02969  
      	     	          	           	          	           	             	                                      	 1.01893   0.21885  -1.53670   0.29892  
      	     	          	           	          	           	             	                                      	 0.11510   0.51626   0.13712  -0.76848  
  #35	4   	-13986.58140	Yes        	4        	1.082    	0.201    	 0.35306   0.16684   0.15208   0.32802	-0.65626   0.20195   0.36437   0.08993  
      	     	          	           	          	           	             	                                      	 0.42736  -1.73354   0.19225   1.11393  
      	     	          	           	          	           	             	                                      	 0.84588   0.21090  -1.38806   0.33128  
      	     	          	           	          	           	             	                                      	 0.09680   0.56657   0.15359  -0.81696  
  #36	4   	-14128.16236	Yes        	4        	0.457    	0.190    	 0.33391   0.16685   0.15445   0.34478	-0.67497   0.14817   0.38820   0.13860  
      	     	          	           	          	           	             	                                      	 0.29652  -1.61406   0.20948   1.10807  
      	     	          	           	          	           	             	                                      	 0.83924   0.22630  -1.42022   0.35468  
      	     	          	           	          	           	             	                                      	 0.13423   0.53624   0.15889  -0.82937  
  #37	4   	-14349.55976	Yes        	4        	618.416    	0.184    	 0.33619   0.17316   0.16353   0.32712	-0.69493   0.19595   0.37166   0.12733  
      	     	          	           	          	           	             	                                      	 0.38043  -1.67415   0.25330   1.04042  
      	     	          	           	          	           	             	                                      	 0.76409   0.26822  -1.29125   0.25894  
      	     	          	           	          	           	             	                                      	 0.13086   0.55076   0.12945  -0.81106  
  #38	4   	-14149.90059	Yes        	4        	0.306    	0.256    	 0.34451   0.16782   0.15546   0.33220	-0.71723   0.18838   0.43991   0.08895  
      	     	          	           	          	           	             	                                      	 0.38670  -1.59640   0.21363   0.99606  
      	     	          	           	          	           	             	                                      	 0.97485   0.23062  -1.52638   0.32090  
      	     	          	           	          	           	             	                                      	 0.09225   0.50320   0.15018  -0.74562  
  #39	4   	-14221.92884	Yes        	4        	0.402    	0.186    	 0.33428   0.17022   0.15952   0.33598	-0.72859   0.18315   0.44187   0.10357  
      	     	          	           	          	           	             	                                      	 0.35968  -1.60995   0.22666   1.02361  
      	     	          	           	          	           	             	                                      	 0.92595   0.24187  -1.44130   0.27349  
      	     	          	           	          	           	             	                                      	 0.10305   0.51859   0.12985  -0.75149  
  #40	4   	-14231.66848	Yes        	4        	0.455    	0.190    	 0.33997   0.16817   0.15723   0.33463	-0.70685   0.23294   0.35899   0.11492  
      	     	          	           	          	           	             	                                      	 0.47092  -1.76686   0.21023   1.08571  
      	     	          	           	          	           	             	                                      	 0.77623   0.22486  -1.26666   0.26557  
      	     	          	           	          	           	             	                                      	 0.11675   0.54563   0.12478  -0.78715  
  #41	4   	-14322.99277	Yes        	4        	0.352    	0.262    	 0.33107   0.17776   0.16396   0.32721	-0.71919   0.14700   0.47347   0.09872  
      	     	          	           	          	           	             	                                      	 0.27377  -1.43311   0.20189   0.95746  
      	     	          	           	          	           	             	                                      	 0.95602   0.21888  -1.51528   0.34038  
      	     	          	           	          	           	             	                                      	 0.09988   0.52016   0.17057  -0.79061  
  #42	4   	-14161.40746	Yes        	4        	0.556    	0.194    	 0.33077   0.17563   0.15959   0.33400	-0.75758   0.16586   0.48800   0.10372  
      	     	          	           	          	           	             	                                      	 0.31238  -1.47905   0.19796   0.96872  
      	     	          	           	          	           	             	                                      	 1.01143   0.21785  -1.50816   0.27888  
      	     	          	           	          	           	             	                                      	 0.10271   0.50939   0.13326  -0.74536  
  #43	4   	-14095.42511	Yes        	4        	0.254    	0.256    	 0.33712   0.16501   0.15890   0.33897	-0.71429   0.18089   0.45640   0.07701  
      	     	          	           	          	           	             	                                      	 0.36955  -1.59546   0.21594   1.00998  
      	     	          	           	          	           	             	                                      	 0.96831   0.22425  -1.55069   0.35812  
      	     	          	           	          	           	             	                                      	 0.07659   0.49167   0.16787  -0.73613  
  #44	4   	-14333.78517	Yes        	4        	0.478    	0.190    	 0.34437   0.16586   0.15855   0.33122	-0.66502   0.16532   0.40129   0.09841  
      	     	          	           	          	           	             	                                      	 0.34325  -1.74038   0.16773   1.22940  
      	     	          	           	          	           	             	                                      	 0.87156   0.17546  -1.29465   0.24763  
      	     	          	           	          	           	             	                                      	 0.10232   0.61562   0.11854  -0.83648  
  #45	4   	-14127.66726	Yes        	4        	0.445    	0.190    	 0.32798   0.18462   0.15756   0.32984	-0.72602   0.20347   0.41354   0.10902  
      	     	          	           	          	           	             	                                      	 0.36145  -1.56335   0.19334   1.00855  
      	     	          	           	          	           	             	                                      	 0.86084   0.22656  -1.34116   0.25377  
      	     	          	           	          	           	             	                                      	 0.10840   0.56452   0.12122  -0.79414  
  #46	4   	-14048.51446	Yes        	4        	0.463    	0.191    	 0.33753   0.17256   0.15998   0.32993	-0.72609   0.14999   0.45667   0.11944  
      	     	          	           	          	           	             	                                      	 0.29337  -1.48152   0.17123   1.01691  
      	     	          	           	          	           	             	                                      	 0.96351   0.18470  -1.46009   0.31189  
      	     	          	           	          	           	             	                                      	 0.12219   0.53187   0.15123  -0.80529  
  #47	4   	-14279.80259	Yes        	4        	1.301    	0.201    	 0.34045   0.16678   0.15881   0.33397	-0.64938   0.18043   0.36703   0.10192  
      	     	          	           	          	           	             	                                      	 0.36833  -1.74266   0.24195   1.13238  
      	     	          	           	          	           	             	                                      	 0.78683   0.25409  -1.35398   0.31306  
      	     	          	           	          	           	             	                                      	 0.10390   0.56548   0.14886  -0.81824  
  #48	4   	-14265.67782	Yes        	4        	0.323    	0.285    	 0.33516   0.17059   0.15655   0.33770	-0.69287   0.18857   0.39292   0.11138  
      	     	          	           	          	           	             	                                      	 0.37049  -1.69260   0.19152   1.13059  
      	     	          	           	          	           	             	                                      	 0.84121   0.20869  -1.31970   0.26979  
      	     	          	           	          	           	             	                                      	 0.11055   0.57113   0.12507  -0.80675  
  #49	4   	-14280.18932	Yes        	4        	0.793    	0.198    	 0.33445   0.17217   0.15552   0.33786	-0.68758   0.15509   0.44144   0.09105  
      	     	          	           	          	           	             	                                      	 0.30128  -1.61933   0.24213   1.07592  
      	     	          	           	          	           	             	                                      	 0.94931   0.26805  -1.49453   0.27717  
      	     	          	           	          	           	             	                                      	 0.09013   0.54829   0.12759  -0.76601  
  #50	4   	-14127.18718	Yes        	4        	0.355    	0.206    	 0.34592   0.16884   0.15565   0.32959	-0.67936   0.18740   0.40329   0.08868  
      	     	          	           	          	           	             	                                      	 0.38395  -1.67514   0.21693   1.07426  
      	     	          	           	          	           	             	                                      	 0.89628   0.23530  -1.43348   0.30190  
      	     	          	           	          	           	             	                                      	 0.09307   0.55031   0.14258  -0.78596  
  #51	4   	-14097.75577	Yes        	4        	0.265    	0.279    	 0.33786   0.17155   0.15755   0.33304	-0.72583   0.19633   0.43058   0.09892  
      	     	          	           	          	           	             	                                      	 0.38667  -1.63526   0.18946   1.05912  
      	     	          	           	          	           	             	                                      	 0.92338   0.20630  -1.38720   0.25752  
      	     	          	           	          	           	             	                                      	 0.10035   0.54557   0.12182  -0.76775  
  #52	4   	-14222.61474	Yes        	4        	0.346    	0.209    	 0.33506   0.17044   0.15466   0.33984	-0.68076   0.19003   0.39442   0.09631  
      	     	          	           	          	           	             	                                      	 0.37358  -1.65518   0.19907   1.08253  
      	     	          	           	          	           	             	                                      	 0.85451   0.21938  -1.41964   0.34575  
      	     	          	           	          	           	             	                                      	 0.09495   0.54290   0.15734  -0.79520  
  #53	4   	-14102.90598	Yes        	4        	0.260    	0.323    	 0.33790   0.16489   0.16008   0.33712	-0.65066   0.20680   0.38487   0.05899  
      	     	          	           	          	           	             	                                      	 0.42376  -1.85215   0.19603   1.23235  
      	     	          	           	          	           	             	                                      	 0.81237   0.20192  -1.29296   0.27867  
      	     	          	           	          	           	             	                                      	 0.05912   0.60277   0.13233  -0.79422  
  #54	4   	-14121.15836	Yes        	4        	0.348    	0.261    	 0.33502   0.17304   0.15383   0.33811	-0.70126   0.19060   0.43125   0.07941  
      	     	          	           	          	           	             	                                      	 0.36901  -1.65653   0.20342   1.08409  
      	     	          	           	          	           	             	                                      	 0.93921   0.22882  -1.44285   0.27482  
      	     	          	           	          	           	             	                                      	 0.07868   0.55482   0.12503  -0.75853  
  #55	4   	-13988.61518	Yes        	4        	0.602    	0.194    	 0.34553   0.17574   0.15239   0.32634	-0.67254   0.16616   0.42667   0.07971  
      	     	          	           	          	           	             	                                      	 0.32670  -1.59887   0.19328   1.07889  
      	     	          	           	          	           	             	                                      	 0.96745   0.22290  -1.47939   0.28904  
      	     	          	           	          	           	             	                                      	 0.08440   0.58099   0.13497  -0.80036  
  #56	4   	-14066.75605	Yes        	4        	0.367    	0.206    	 0.33580   0.15971   0.16228   0.34221	-0.73718   0.15627   0.47280   0.10811  
      	     	          	           	          	           	             	                                      	 0.32857  -1.63191   0.23518   1.06815  
      	     	          	           	          	           	             	                                      	 0.97838   0.23146  -1.48282   0.27299  
      	     	          	           	          	           	             	                                      	 0.10609   0.49850   0.12945  -0.73403  
  #57	4   	-14144.43648	Yes        	4        	0.545    	0.193    	 0.33695   0.17224   0.15502   0.33580	-0.71818   0.17884   0.44479   0.09455  
      	     	          	           	          	           	             	                                      	 0.34987  -1.61559   0.15885   1.10687  
      	     	          	           	          	           	             	                                      	 0.96679   0.17649  -1.40137   0.25810  
      	     	          	           	          	           	             	                                      	 0.09487   0.56773   0.11915  -0.78175  
  #58	4   	-14197.67087	Yes        	4        	0.423    	0.210    	 0.33846   0.17023   0.15847   0.33285	-0.76495   0.23182   0.39878   0.13434  
      	     	          	           	          	           	             	                                      	 0.46093  -1.57004   0.20885   0.90025  
      	     	          	           	          	           	             	                                      	 0.85175   0.22436  -1.40610   0.33000  
      	     	          	           	          	           	             	                                      	 0.13661   0.46042   0.15711  -0.75414  
  #59	4   	-14247.39806	Yes        	4        	1.453    	0.202    	 0.33401   0.17804   0.15951   0.32844	-0.72395   0.16471   0.46070   0.09855  
      	     	          	           	          	           	             	                                      	 0.30899  -1.48860   0.16432   1.01529  
      	     	          	           	          	           	             	                                      	 0.96469   0.18341  -1.45014   0.30203  
      	     	          	           	          	           	             	                                      	 0.10022   0.55036   0.14668  -0.79726  
  #60	4   	-14577.45916	Yes        	4        	0.367    	0.211    	 0.33645   0.17934   0.16453   0.31969	-0.70825   0.18571   0.42029   0.10225  
      	     	          	           	          	           	             	                                      	 0.34839  -1.55442   0.23209   0.97395  
      	     	          	           	          	           	             	                                      	 0.85944   0.25297  -1.38851   0.27610  
      	     	          	           	          	           	             	                                      	 0.10761   0.54636   0.14210  -0.79607  
  #61	4   	-14143.30840	Yes        	4        	0.515    	0.192    	 0.34313   0.16734   0.15660   0.33294	-0.70223   0.18071   0.43962   0.08190  
      	     	          	           	          	           	             	                                      	 0.37056  -1.60082   0.24044   0.98982  
      	     	          	           	          	           	             	                                      	 0.96328   0.25694  -1.55980   0.33958  
      	     	          	           	          	           	             	                                      	 0.08440   0.49749   0.15972  -0.74161  
  #62	4   	-14274.52611	Yes        	4        	0.257    	0.283    	 0.33829   0.16982   0.15715   0.33475	-0.84258   0.17625   0.50705   0.15929  
      	     	          	           	          	           	             	                                      	 0.35110  -1.43477   0.17472   0.90895  
      	     	          	           	          	           	             	                                      	 1.09150   0.18881  -1.47720   0.19689  
      	     	          	           	          	           	             	                                      	 0.16097   0.46110   0.09243  -0.71450  
  #63	4   	-14199.15698	Yes        	4        	0.388    	0.229    	 0.33770   0.16477   0.15951   0.33802	-0.64763   0.17910   0.37743   0.09110  
      	     	          	           	          	           	             	                                      	 0.36708  -1.74109   0.20394   1.17007  
      	     	          	           	          	           	             	                                      	 0.79907   0.21066  -1.35391   0.34418  
      	     	          	           	          	           	             	                                      	 0.09101   0.57036   0.16242  -0.82379  
  #64	4   	-14155.95628	Yes        	4        	2.266    	0.204    	 0.33321   0.17261   0.15274   0.34145	-0.73560   0.19466   0.42535   0.11559  
      	     	          	           	          	           	             	                                      	 0.37577  -1.50032   0.23160   0.89295  
      	     	          	           	          	           	             	                                      	 0.92792   0.26172  -1.58763   0.39798  
      	     	          	           	          	           	             	                                      	 0.11280   0.45140   0.17803  -0.74223  
  #65	4   	-14447.74159	Yes        	4        	0.816    	0.198    	 0.33928   0.17014   0.16077   0.32981	-0.72115   0.19967   0.38777   0.13370  
      	     	          	           	          	           	             	                                      	 0.39817  -1.56370   0.19768   0.96785  
      	     	          	           	          	           	             	                                      	 0.81832   0.20920  -1.38225   0.35472  
      	     	          	           	          	           	             	                                      	 0.13754   0.49928   0.17291  -0.80973  
  #66	4   	-14158.54816	Yes        	4        	1.037    	0.198    	 0.33812   0.16896   0.15562   0.33730	-0.65477   0.13291   0.44212   0.07973  
      	     	          	           	          	           	             	                                      	 0.26598  -1.68911   0.19747   1.22565  
      	     	          	           	          	           	             	                                      	 0.96062   0.21441  -1.42019   0.24516  
      	     	          	           	          	           	             	                                      	 0.07993   0.61397   0.11311  -0.80701  
  #67	4   	-14184.98401	Yes        	4        	0.552    	0.193    	 0.34905   0.16006   0.16173   0.32916	-0.68059   0.13771   0.42047   0.12241  
      	     	          	           	          	           	             	                                      	 0.30032  -1.64774   0.21417   1.13326  
      	     	          	           	          	           	             	                                      	 0.90745   0.21195  -1.40861   0.28921  
      	     	          	           	          	           	             	                                      	 0.12981   0.55106   0.14210  -0.82296  
  #68	4   	-14126.56071	Yes        	4        	0.710    	0.197    	 0.33922   0.16020   0.16099   0.33959	-0.73255   0.19472   0.42239   0.11543  
      	     	          	           	          	           	             	                                      	 0.41232  -1.68236   0.19990   1.07013  
      	     	          	           	          	           	             	                                      	 0.89005   0.19893  -1.38740   0.29842  
      	     	          	           	          	           	             	                                      	 0.11531   0.50484   0.14147  -0.76161  
  #69	4   	-14092.49662	Yes        	4        	0.268    	0.328    	 0.33841   0.17688   0.15639   0.32832	-0.70381   0.17037   0.42885   0.10460  
      	     	          	           	          	           	             	                                      	 0.32594  -1.52824   0.20691   0.99538  
      	     	          	           	          	           	             	                                      	 0.92796   0.23402  -1.47635   0.31437  
      	     	          	           	          	           	             	                                      	 0.10781   0.53625   0.14975  -0.79380  
  #70	4   	-14135.91897	Yes        	4        	1.071    	0.201    	 0.33986   0.17107   0.15346   0.33561	-0.69883   0.17533   0.41881   0.10470  
      	     	          	           	          	           	             	                                      	 0.34831  -1.69434   0.22008   1.12595  
      	     	          	           	          	           	             	                                      	 0.92753   0.24535  -1.38286   0.20998  
      	     	          	           	          	           	             	                                      	 0.10603   0.57395   0.09601  -0.77599  
  #71	4   	-14385.81097	Yes        	4        	1.115    	0.181    	 0.33279   0.17463   0.15867   0.33391	-0.68397   0.15801   0.44493   0.08104  
      	     	          	           	          	           	             	                                      	 0.30112  -1.69995   0.27035   1.12847  
      	     	          	           	          	           	             	                                      	 0.93321   0.29755  -1.40789   0.17713  
      	     	          	           	          	           	             	                                      	 0.08077   0.59016   0.08417  -0.75509  
  #72	4   	-14180.42344	Yes        	4        	0.324    	0.284    	 0.34015   0.16754   0.15250   0.33981	-0.70419   0.16640   0.43144   0.10634  
      	     	          	           	          	           	             	                                      	 0.33783  -1.65702   0.18427   1.13491  
      	     	          	           	          	           	             	                                      	 0.96229   0.20245  -1.42344   0.25870  
      	     	          	           	          	           	             	                                      	 0.10645   0.55957   0.11610  -0.78212  
  #73	4   	-14137.27112	Yes        	4        	0.331    	0.260    	 0.34213   0.16884   0.15753   0.33150	-0.71918   0.18874   0.44097   0.08947  
      	     	          	           	          	           	             	                                      	 0.38246  -1.56733   0.15203   1.03284  
      	     	          	           	          	           	             	                                      	 0.95775   0.16295  -1.46282   0.34212  
      	     	          	           	          	           	             	                                      	 0.09234   0.52604   0.16257  -0.78095  
  #74	4   	-14162.47214	Yes        	4        	0.566    	0.193    	 0.34157   0.17176   0.14532   0.34135	-0.65636   0.16254   0.36591   0.12791  
      	     	          	           	          	           	             	                                      	 0.32324  -1.58434   0.18889   1.07221  
      	     	          	           	          	           	             	                                      	 0.86009   0.22326  -1.49072   0.40737  
      	     	          	           	          	           	             	                                      	 0.12799   0.53952   0.17342  -0.84093  
  #75	4   	-14314.77393	Yes        	4        	0.738    	0.197    	 0.33105   0.17545   0.15981   0.33369	-0.72138   0.19734   0.42460   0.09944  
      	     	          	           	          	           	             	                                      	 0.37234  -1.61655   0.16139   1.08282  
      	     	          	           	          	           	             	                                      	 0.87958   0.17720  -1.32515   0.26837  
      	     	          	           	          	           	             	                                      	 0.09865   0.56934   0.12852  -0.79652  
  #76	4   	-14330.60795	Yes        	4        	0.421    	0.209    	 0.33795   0.17398   0.15447   0.33361	-0.69946   0.16936   0.39477   0.13533  
      	     	          	           	          	           	             	                                      	 0.32898  -1.61170   0.20331   1.07940  
      	     	          	           	          	           	             	                                      	 0.86366   0.22899  -1.35455   0.26191  
      	     	          	           	          	           	             	                                      	 0.13709   0.56291   0.12127  -0.82128  
  #77	4   	-14129.78790	Yes        	4        	0.486    	0.192    	 0.32649   0.17254   0.16179   0.33917	-0.64484   0.13059   0.42281   0.09144  
      	     	          	           	          	           	             	                                      	 0.24712  -1.62984   0.24542   1.13731  
      	     	          	           	          	           	             	                                      	 0.85321   0.26172  -1.42947   0.31454  
      	     	          	           	          	           	             	                                      	 0.08802   0.57855   0.15004  -0.81661  
  #78	4   	-14156.82312	Yes        	4        	0.321    	0.206    	 0.33403   0.17493   0.15236   0.33868	-0.69010   0.11762   0.46081   0.11168  
      	     	          	           	          	           	             	                                      	 0.22459  -1.58616   0.25963   1.10193  
      	     	          	           	          	           	             	                                      	 1.01028   0.29811  -1.51382   0.20543  
      	     	          	           	          	           	             	                                      	 0.11015   0.56917   0.09242  -0.77174  
  #79	4   	-14207.94467	Yes        	4        	0.584    	0.194    	 0.34077   0.17338   0.16064   0.32521	-0.72702   0.15979   0.45861   0.10862  
      	     	          	           	          	           	             	                                      	 0.31406  -1.52222   0.18731   1.02085  
      	     	          	           	          	           	             	                                      	 0.97285   0.20216  -1.44135   0.26634  
      	     	          	           	          	           	             	                                      	 0.11382   0.54424   0.13156  -0.78962  
  #80	4   	-14250.61322	Yes        	4        	0.936    	0.199    	 0.34223   0.17340   0.15208   0.33229	-0.69666   0.15192   0.42335   0.12139  
      	     	          	           	          	           	             	                                      	 0.29983  -1.55212   0.15573   1.09656  
      	     	          	           	          	           	             	                                      	 0.95269   0.17756  -1.42242   0.29217  
      	     	          	           	          	           	             	                                      	 0.12502   0.57223   0.13372  -0.83097  
  #81	4   	-14348.04982	Yes        	4        	1.382    	0.204    	 0.34210   0.16948   0.15642   0.33200	-0.72400   0.18503   0.41946   0.11951  
      	     	          	           	          	           	             	                                      	 0.37349  -1.61698   0.26079   0.98270  
      	     	          	           	          	           	             	                                      	 0.91736   0.28255  -1.46572   0.26582  
      	     	          	           	          	           	             	                                      	 0.12314   0.50164   0.12524  -0.75002  
  #82	4   	-14230.18258	Yes        	4        	0.693    	0.196    	 0.33376   0.17193   0.15665   0.33766	-0.65419   0.18110   0.36783   0.10527  
      	     	          	           	          	           	             	                                      	 0.35155  -1.67542   0.16897   1.15489  
      	     	          	           	          	           	             	                                      	 0.78370   0.18545  -1.31417   0.34502  
      	     	          	           	          	           	             	                                      	 0.10405   0.58804   0.16006  -0.85215  
  #83	4   	-14299.11789	Yes        	4        	0.774    	0.197    	 0.34527   0.16697   0.16046   0.32730	-0.71088   0.16683   0.41687   0.12718  
      	     	          	           	          	           	             	                                      	 0.34499  -1.52797   0.25053   0.93245  
      	     	          	           	          	           	             	                                      	 0.89700   0.26069  -1.51313   0.35545  
      	     	          	           	          	           	             	                                      	 0.13417   0.47567   0.17426  -0.78410  
  #84	4   	-14215.07322	Yes        	4        	0.451    	0.190    	 0.34242   0.17642   0.15122   0.32994	-0.73619   0.23059   0.42493   0.08067  
      	     	          	           	          	           	             	                                      	 0.44755  -1.62135   0.18003   0.99377  
      	     	          	           	          	           	             	                                      	 0.96218   0.21002  -1.44225   0.27004  
      	     	          	           	          	           	             	                                      	 0.08372   0.53137   0.12377  -0.73886  
  #85	4   	-14471.25610	Yes        	4        	0.686    	0.196    	 0.33819   0.17085   0.15932   0.33164	-0.70694   0.23112   0.39089   0.08494  
      	     	          	           	          	           	             	                                      	 0.45747  -1.67004   0.19368   1.01889  
      	     	          	           	          	           	             	                                      	 0.82973   0.20770  -1.37481   0.33738  
      	     	          	           	          	           	             	                                      	 0.08661   0.52491   0.16208  -0.77360  
  #86	4   	-14357.84560	Yes        	4        	0.332    	0.257    	 0.34164   0.16592   0.16173   0.33070	-0.73090   0.18640   0.42278   0.12172  
      	     	          	           	          	           	             	                                      	 0.38380  -1.67901   0.17347   1.12173  
      	     	          	           	          	           	             	                                      	 0.89308   0.17797  -1.28983   0.21878  
      	     	          	           	          	           	             	                                      	 0.12575   0.56282   0.10700  -0.79557  
  #87	4   	-14140.70996	Yes        	4        	0.457    	0.190    	 0.34199   0.17586   0.15278   0.32938	-0.66316   0.14996   0.40507   0.10812  
      	     	          	           	          	           	             	                                      	 0.29163  -1.57590   0.14737   1.13691  
      	     	          	           	          	           	             	                                      	 0.90673   0.16963  -1.38634   0.30998  
      	     	          	           	          	           	             	                                      	 0.11226   0.60701   0.14378  -0.86305  
  #88	4   	-13992.98687	Yes        	4        	0.306    	0.260    	 0.34145   0.16885   0.15235   0.33736	-0.65134   0.19677   0.36978   0.08479  
      	     	          	           	          	           	             	                                      	 0.39790  -1.72472   0.18940   1.13742  
      	     	          	           	          	           	             	                                      	 0.82877   0.20991  -1.39032   0.35164  
      	     	          	           	          	           	             	                                      	 0.08582   0.56928   0.15880  -0.81390  
  #89	4   	-14206.41943	Yes        	4        	0.915    	0.199    	 0.34566   0.16716   0.15427   0.33292	-0.68198   0.18338   0.35728   0.14132  
      	     	          	           	          	           	             	                                      	 0.37921  -1.64627   0.22771   1.03935  
      	     	          	           	          	           	             	                                      	 0.80053   0.24673  -1.38741   0.34015  
      	     	          	           	          	           	             	                                      	 0.14672   0.52184   0.15762  -0.82619  
  #90	4   	-14390.00972	Yes        	4        	0.511    	0.191    	 0.33824   0.17041   0.15950   0.33186	-0.67035   0.16453   0.40738   0.09844  
      	     	          	           	          	           	             	                                      	 0.32657  -1.66735   0.18210   1.15868  
      	     	          	           	          	           	             	                                      	 0.86391   0.19456  -1.33923   0.28076  
      	     	          	           	          	           	             	                                      	 0.10034   0.59499   0.13494  -0.83026  
  #91	4   	-14292.03531	Yes        	4        	0.406    	0.208    	 0.33165   0.16979   0.16285   0.33571	-0.69712   0.16074   0.42903   0.10734  
      	     	          	           	          	           	             	                                      	 0.31397  -1.61359   0.25651   1.04311  
      	     	          	           	          	           	             	                                      	 0.87373   0.26743  -1.43676   0.29561  
      	     	          	           	          	           	             	                                      	 0.10605   0.52757   0.14340  -0.77702  
  #92	4   	-14165.36593	Yes        	4        	0.829    	0.198    	 0.33581   0.17010   0.15889   0.33521	-0.67609   0.17005   0.42880   0.07725  
      	     	          	           	          	           	             	                                      	 0.33571  -1.65777   0.13997   1.18209  
      	     	          	           	          	           	             	                                      	 0.90625   0.14984  -1.35873   0.30264  
      	     	          	           	          	           	             	                                      	 0.07738   0.59983   0.14345  -0.82067  
  #93	4   	-14225.86530	Yes        	4        	0.369    	0.187    	 0.33997   0.17528   0.16112   0.32364	-0.71691   0.18329   0.38900   0.14462  
      	     	          	           	          	           	             	                                      	 0.35550  -1.56110   0.19774   1.00785  
      	     	          	           	          	           	             	                                      	 0.82079   0.21512  -1.31496   0.27905  
      	     	          	           	          	           	             	                                      	 0.15192   0.54584   0.13893  -0.83669  
  #94	4   	-14384.39902	Yes        	4        	0.963    	0.200    	 0.33951   0.17109   0.16089   0.32851	-0.76513   0.19392   0.46801   0.10321  
      	     	          	           	          	           	             	                                      	 0.38481  -1.57756   0.20005   0.99270  
      	     	          	           	          	           	             	                                      	 0.98756   0.21273  -1.42509   0.22480  
      	     	          	           	          	           	             	                                      	 0.10666   0.51699   0.11010  -0.73375  
  #95	4   	-14208.49928	Yes        	4        	0.502    	0.192    	 0.34129   0.17388   0.15012   0.33471	-0.68647   0.18774   0.38436   0.11437  
      	     	          	           	          	           	             	                                      	 0.36851  -1.64627   0.27527   1.00249  
      	     	          	           	          	           	             	                                      	 0.87381   0.31883  -1.48267   0.29003  
      	     	          	           	          	           	             	                                      	 0.11662   0.52078   0.13009  -0.76748  
  #96	4   	-14250.92972	Yes        	4        	1.046    	0.200    	 0.33921   0.16818   0.16075   0.33186	-0.74331   0.18085   0.45076   0.11169  
      	     	          	           	          	           	             	                                      	 0.36476  -1.53895   0.19898   0.97521  
      	     	          	           	          	           	             	                                      	 0.95117   0.20818  -1.47279   0.31344  
      	     	          	           	          	           	             	                                      	 0.11417   0.49423   0.15183  -0.76023  
  #97	4   	-14292.05367	Yes        	4        	1.803    	0.204    	 0.33410   0.17370   0.15790   0.33429	-0.71081   0.20112   0.39992   0.10976  
      	     	          	           	          	           	             	                                      	 0.38684  -1.57272   0.19738   0.98850  
      	     	          	           	          	           	             	                                      	 0.84620   0.21713  -1.42133   0.35799  
      	     	          	           	          	           	             	                                      	 0.10969   0.51364   0.16909  -0.79243  
  #98	4   	-14231.75874	Yes        	4        	0.360    	0.262    	 0.34526   0.16670   0.15863   0.32941	-0.66331   0.18319   0.39067   0.08945  
      	     	          	           	          	           	             	                                      	 0.37941  -1.65345   0.27942   0.99461  
      	     	          	           	          	           	             	                                      	 0.85031   0.29365  -1.51339   0.36943  
      	     	          	           	          	           	             	                                      	 0.09375   0.50334   0.17790  -0.77499  
  #99	4   	-14259.26451	Yes        	4        	0.415    	0.187    	 0.34032   0.16423   0.16229   0.33317	-0.66522   0.18038   0.38223   0.10261  
      	     	          	           	          	           	             	                                      	 0.37380  -1.85389   0.32474   1.15535  
      	     	          	           	          	           	             	                                      	 0.80153   0.32862  -1.31834   0.18819  
      	     	          	           	          	           	             	                                      	 0.10482   0.56950   0.09167  -0.76599  
  #100	4   	-14139.91008	Yes        	4        	1.044    	0.200    	 0.33267   0.17743   0.15258   0.33733	-0.69556   0.15808   0.46337   0.07410  
      	     	          	           	          	           	             	                                      	 0.29640  -1.49960   0.18771   1.01550  
      	     	          	           	          	           	             	                                      	 1.01031   0.21828  -1.58991   0.36132  
      	     	          	           	          	           	             	                                      	 0.07308   0.53413   0.16343  -0.77063  
