. Sequence file : [Hominid_AMELY.phy]

. Model of nucleotides substitution : GTR

. Initial tree : [BioNJ]


. Data	Nb of 	Likelihood	Discrete   	Number of 	Gamma shape	Proportion of	Nucleotides frequencies               	Instantaneous rate matrix              	
  set	taxa	loglk     	gamma model	categories	parameter  	invariant    	f(A)      f(C)      f(G)      f(T)    	[A---------C---------G---------T------]	

  #1	4   	-77659.13375	Yes        	4        	1.095    	0.200    	 0.29654   0.20703   0.20769   0.28874	-0.79598   0.14754   0.55224   0.09620  
      	     	          	           	          	           	             	                                      	 0.21133  -1.29384   0.26162   0.82089  
      	     	          	           	          	           	             	                                      	 0.78852   0.26079  -1.24115   0.19184  
      	     	          	           	          	           	             	                                      	 0.09880   0.58860   0.13799  -0.82539  
  #2	4   	-77794.60737	Yes        	4        	1.514    	0.185    	 0.29588   0.20373   0.20657   0.29382	-0.77169   0.13709   0.53270   0.10190  
      	     	          	           	          	           	             	                                      	 0.19909  -1.31639   0.25755   0.85976  
      	     	          	           	          	           	             	                                      	 0.76302   0.25401  -1.23022   0.21319  
      	     	          	           	          	           	             	                                      	 0.10262   0.59616   0.14989  -0.84866  
  #3	4   	-77669.32863	Yes        	4        	1.263    	0.200    	 0.29989   0.20747   0.20318   0.28947	-0.74876   0.15446   0.49548   0.09883  
      	     	          	           	          	           	             	                                      	 0.22326  -1.33087   0.24046   0.86715  
      	     	          	           	          	           	             	                                      	 0.73132   0.24554  -1.20159   0.22474  
      	     	          	           	          	           	             	                                      	 0.10238   0.62152   0.15774  -0.88164  
  #4	4   	-77848.47467	Yes        	4        	1.816    	0.187    	 0.29767   0.20740   0.20594   0.28899	-0.79706   0.15577   0.53093   0.11036  
      	     	          	           	          	           	             	                                      	 0.22357  -1.28168   0.24341   0.81469  
      	     	          	           	          	           	             	                                      	 0.76742   0.24513  -1.22276   0.21021  
      	     	          	           	          	           	             	                                      	 0.11367   0.58467   0.14980  -0.84814  
  #5	4   	-78039.07859	Yes        	4        	1.136    	0.200    	 0.29728   0.20499   0.20414   0.29359	-0.74986   0.14353   0.49357   0.11276  
      	     	          	           	          	           	             	                                      	 0.20816  -1.33767   0.24701   0.88249  
      	     	          	           	          	           	             	                                      	 0.71876   0.24803  -1.18992   0.22313  
      	     	          	           	          	           	             	                                      	 0.11418   0.61615   0.15514  -0.88547  
  #6	4   	-77826.86618	Yes        	4        	0.682    	0.179    	 0.29331   0.20655   0.20671   0.29342	-0.79274   0.15522   0.52684   0.11068  
      	     	          	           	          	           	             	                                      	 0.22040  -1.34302   0.22290   0.89971  
      	     	          	           	          	           	             	                                      	 0.74754   0.22273  -1.14251   0.17224  
      	     	          	           	          	           	             	                                      	 0.11063   0.63335   0.12134  -0.86532  
  #7	4   	-78163.57476	Yes        	4        	3.199    	0.219    	 0.29788   0.20928   0.20580   0.28703	-0.76138   0.16056   0.49120   0.10962  
      	     	          	           	          	           	             	                                      	 0.22854  -1.33638   0.26561   0.84223  
      	     	          	           	          	           	             	                                      	 0.71097   0.27010  -1.18197   0.20090  
      	     	          	           	          	           	             	                                      	 0.11376   0.61410   0.14405  -0.87190  
  #8	4   	-77692.58711	Yes        	4        	1.248    	0.179    	 0.29697   0.20720   0.20567   0.29016	-0.82638   0.16331   0.54676   0.11632  
      	     	          	           	          	           	             	                                      	 0.23406  -1.27506   0.22740   0.81359  
      	     	          	           	          	           	             	                                      	 0.78950   0.22910  -1.20772   0.18911  
      	     	          	           	          	           	             	                                      	 0.11905   0.58097   0.13404  -0.83405  
  #9	4   	-77464.80108	Yes        	4        	1.242    	0.199    	 0.29458   0.20566   0.20586   0.29389	-0.77550   0.16119   0.50326   0.11105  
      	     	          	           	          	           	             	                                      	 0.23088  -1.35052   0.25172   0.86792  
      	     	          	           	          	           	             	                                      	 0.72015   0.25147  -1.17219   0.20057  
      	     	          	           	          	           	             	                                      	 0.11131   0.60734   0.14049  -0.85914  
  #10	4   	-77667.33396	Yes        	4        	0.973    	0.200    	 0.29490   0.20647   0.20802   0.29062	-0.81847   0.15957   0.53384   0.12506  
      	     	          	           	          	           	             	                                      	 0.22792  -1.29564   0.22547   0.84226  
      	     	          	           	          	           	             	                                      	 0.75681   0.22379  -1.16415   0.18356  
      	     	          	           	          	           	             	                                      	 0.12690   0.59839   0.13139  -0.85667  
  #11	4   	-77996.24557	Yes        	4        	1.094    	0.199    	 0.29451   0.20847   0.20547   0.29154	-0.78218   0.14504   0.52795   0.10918  
      	     	          	           	          	           	             	                                      	 0.20491  -1.29750   0.25879   0.83380  
      	     	          	           	          	           	             	                                      	 0.75674   0.26257  -1.22306   0.20375  
      	     	          	           	          	           	             	                                      	 0.11029   0.59622   0.14360  -0.85010  
  #12	4   	-77743.06650	Yes        	4        	1.289    	0.180    	 0.29602   0.20768   0.20369   0.29261	-0.78330   0.13817   0.54235   0.10278  
      	     	          	           	          	           	             	                                      	 0.19695  -1.29155   0.24383   0.85077  
      	     	          	           	          	           	             	                                      	 0.78820   0.24861  -1.23712   0.20031  
      	     	          	           	          	           	             	                                      	 0.10398   0.60383   0.13944  -0.84724  
  #13	4   	-77521.97370	Yes        	4        	1.573    	0.185    	 0.29835   0.20662   0.20449   0.29053	-0.78051   0.15496   0.51602   0.10953  
      	     	          	           	          	           	             	                                      	 0.22376  -1.32088   0.23353   0.86360  
      	     	          	           	          	           	             	                                      	 0.75287   0.23596  -1.18659   0.19777  
      	     	          	           	          	           	             	                                      	 0.11248   0.61418   0.13920  -0.86586  
  #14	4   	-78084.18837	Yes        	4        	1.646    	0.187    	 0.29729   0.20383   0.20822   0.29066	-0.78010   0.13309   0.55286   0.09416  
      	     	          	           	          	           	             	                                      	 0.19411  -1.30121   0.27449   0.83261  
      	     	          	           	          	           	             	                                      	 0.78935   0.26869  -1.26180   0.20375  
      	     	          	           	          	           	             	                                      	 0.09631   0.58387   0.14596  -0.82614  
  #15	4   	-78233.39146	Yes        	4        	1.259    	0.200    	 0.29715   0.20850   0.20655   0.28780	-0.76670   0.14315   0.51154   0.11201  
      	     	          	           	          	           	             	                                      	 0.20401  -1.32634   0.22935   0.89299  
      	     	          	           	          	           	             	                                      	 0.73590   0.23151  -1.15221   0.18480  
      	     	          	           	          	           	             	                                      	 0.11565   0.64693   0.13263  -0.89521  
  #16	4   	-78022.44265	Yes        	4        	1.679    	0.186    	 0.29966   0.21077   0.20517   0.28440	-0.77718   0.15313   0.51679   0.10725  
      	     	          	           	          	           	             	                                      	 0.21772  -1.29283   0.23640   0.83871  
      	     	          	           	          	           	             	                                      	 0.75481   0.24286  -1.19511   0.19744  
      	     	          	           	          	           	             	                                      	 0.11301   0.62157   0.14243  -0.87701  
  #17	4   	-78235.88959	Yes        	4        	2.874    	0.218    	 0.29457   0.20791   0.21046   0.28706	-0.79103   0.15246   0.53704   0.10152  
      	     	          	           	          	           	             	                                      	 0.21601  -1.30185   0.24693   0.83891  
      	     	          	           	          	           	             	                                      	 0.75167   0.24395  -1.19153   0.19591  
      	     	          	           	          	           	             	                                      	 0.10418   0.60759   0.14363  -0.85540  
  #18	4   	-77518.54676	Yes        	4        	1.322    	0.183    	 0.29571   0.20852   0.20610   0.28967	-0.76927   0.14189   0.50976   0.11762  
      	     	          	           	          	           	             	                                      	 0.20122  -1.33537   0.25606   0.87809  
      	     	          	           	          	           	             	                                      	 0.73142   0.25906  -1.16529   0.17481  
      	     	          	           	          	           	             	                                      	 0.12008   0.63208   0.12437  -0.87653  
  #19	4   	-78123.83290	Yes        	4        	1.304    	0.200    	 0.29498   0.20693   0.20846   0.28963	-0.76804   0.14872   0.51489   0.10443  
      	     	          	           	          	           	             	                                      	 0.21200  -1.33432   0.27597   0.84635  
      	     	          	           	          	           	             	                                      	 0.72860   0.27394  -1.20019   0.19765  
      	     	          	           	          	           	             	                                      	 0.10636   0.60468   0.14226  -0.85330  
  #20	4   	-77539.64343	Yes        	4        	0.848    	0.197    	 0.29287   0.20739   0.20863   0.29111	-0.79575   0.15057   0.52570   0.11948  
      	     	          	           	          	           	             	                                      	 0.21263  -1.30505   0.23794   0.85448  
      	     	          	           	          	           	             	                                      	 0.73795   0.23653  -1.16808   0.19360  
      	     	          	           	          	           	             	                                      	 0.12021   0.60875   0.13875  -0.86770  
  #21	4   	-77547.58340	Yes        	4        	3.031    	0.218    	 0.29627   0.20440   0.20582   0.29351	-0.77770   0.16776   0.49755   0.11240  
      	     	          	           	          	           	             	                                      	 0.24316  -1.35314   0.23037   0.87961  
      	     	          	           	          	           	             	                                      	 0.71619   0.22878  -1.15250   0.20753  
      	     	          	           	          	           	             	                                      	 0.11345   0.61255   0.14552  -0.87152  
  #22	4   	-78024.39745	Yes        	4        	1.389    	0.184    	 0.29445   0.20755   0.20230   0.29570	-0.80561   0.15146   0.53997   0.11418  
      	     	          	           	          	           	             	                                      	 0.21488  -1.27410   0.23768   0.82153  
      	     	          	           	          	           	             	                                      	 0.78592   0.24384  -1.24206   0.21230  
      	     	          	           	          	           	             	                                      	 0.11369   0.57663   0.14525  -0.83557  
  #23	4   	-77832.61233	Yes        	4        	0.815    	0.199    	 0.29669   0.20719   0.20856   0.28756	-0.75200   0.15341   0.48999   0.10859  
      	     	          	           	          	           	             	                                      	 0.21968  -1.36068   0.26134   0.87966  
      	     	          	           	          	           	             	                                      	 0.69703   0.25962  -1.15077   0.19413  
      	     	          	           	          	           	             	                                      	 0.11204   0.63381   0.14080  -0.88664  
  #24	4   	-77720.19466	Yes        	4        	1.447    	0.203    	 0.29449   0.20808   0.20730   0.29013	-0.78691   0.18197   0.48893   0.11602  
      	     	          	           	          	           	             	                                      	 0.25754  -1.34115   0.25396   0.82965  
      	     	          	           	          	           	             	                                      	 0.69459   0.25492  -1.15590   0.20640  
      	     	          	           	          	           	             	                                      	 0.11776   0.59500   0.14747  -0.86023  
  #25	4   	-78025.95036	Yes        	4        	1.906    	0.187    	 0.29611   0.20832   0.20644   0.28913	-0.79040   0.14578   0.52269   0.12193  
      	     	          	           	          	           	             	                                      	 0.20721  -1.28858   0.23508   0.84630  
      	     	          	           	          	           	             	                                      	 0.74971   0.23722  -1.18400   0.19707  
      	     	          	           	          	           	             	                                      	 0.12487   0.60977   0.14071  -0.87536  
  #26	4   	-77964.09070	Yes        	4        	2.533    	0.218    	 0.29636   0.20660   0.20617   0.29086	-0.78361   0.16048   0.51450   0.10863  
      	     	          	           	          	           	             	                                      	 0.23021  -1.33739   0.24221   0.86497  
      	     	          	           	          	           	             	                                      	 0.73956   0.24271  -1.17154   0.18926  
      	     	          	           	          	           	             	                                      	 0.11069   0.61439   0.13416  -0.85923  
  #27	4   	-77667.08873	Yes        	4        	1.043    	0.199    	 0.29612   0.20704   0.20510   0.29174	-0.79708   0.15387   0.53525   0.10796  
      	     	          	           	          	           	             	                                      	 0.22008  -1.30252   0.23869   0.84375  
      	     	          	           	          	           	             	                                      	 0.77277   0.24095  -1.20808   0.19436  
      	     	          	           	          	           	             	                                      	 0.10958   0.59878   0.13664  -0.84500  
  #28	4   	-77549.04571	Yes        	4        	1.198    	0.182    	 0.29781   0.20757   0.20628   0.28834	-0.75910   0.14788   0.50634   0.10488  
      	     	          	           	          	           	             	                                      	 0.21217  -1.32188   0.23809   0.87162  
      	     	          	           	          	           	             	                                      	 0.73101   0.23957  -1.18191   0.21132  
      	     	          	           	          	           	             	                                      	 0.10833   0.62745   0.15119  -0.88696  
  #29	4   	-77906.96096	Yes        	4        	0.874    	0.200    	 0.29519   0.20701   0.20769   0.29011	-0.79285   0.16213   0.52170   0.10902  
      	     	          	           	          	           	             	                                      	 0.23120  -1.31060   0.24286   0.83654  
      	     	          	           	          	           	             	                                      	 0.74148   0.24206  -1.18824   0.20470  
      	     	          	           	          	           	             	                                      	 0.11093   0.59691   0.14654  -0.85438  
  #30	4   	-77433.21006	Yes        	4        	1.208    	0.200    	 0.29308   0.20947   0.20707   0.29039	-0.78019   0.15277   0.50596   0.12147  
      	     	          	           	          	           	             	                                      	 0.21374  -1.30672   0.26928   0.82369  
      	     	          	           	          	           	             	                                      	 0.71612   0.27240  -1.19330   0.20478  
      	     	          	           	          	           	             	                                      	 0.12259   0.59415   0.14602  -0.86276  
  #31	4   	-77516.99797	Yes        	4        	2.133    	0.188    	 0.29522   0.20738   0.20467   0.29274	-0.79303   0.14620   0.53702   0.10981  
      	     	          	           	          	           	             	                                      	 0.20812  -1.29042   0.22615   0.85615  
      	     	          	           	          	           	             	                                      	 0.77461   0.22914  -1.20623   0.20248  
      	     	          	           	          	           	             	                                      	 0.11074   0.60650   0.14156  -0.85880  
  #32	4   	-77681.18066	Yes        	4        	0.969    	0.200    	 0.29529   0.20756   0.20543   0.29171	-0.77952   0.13599   0.54386   0.09966  
      	     	          	           	          	           	             	                                      	 0.19348  -1.29316   0.23792   0.86176  
      	     	          	           	          	           	             	                                      	 0.78175   0.24037  -1.22447   0.20234  
      	     	          	           	          	           	             	                                      	 0.10088   0.61315   0.14249  -0.85653  
  #33	4   	-77805.95008	Yes        	4        	0.804    	0.200    	 0.29763   0.20546   0.20813   0.28877	-0.78917   0.17058   0.52329   0.09529  
      	     	          	           	          	           	             	                                      	 0.24711  -1.36067   0.27306   0.84050  
      	     	          	           	          	           	             	                                      	 0.74830   0.26955  -1.19239   0.17454  
      	     	          	           	          	           	             	                                      	 0.09822   0.59801   0.12580  -0.82202  
  #34	4   	-77963.49249	Yes        	4        	0.834    	0.200    	 0.29234   0.20888   0.20975   0.28903	-0.80464   0.15726   0.53526   0.11212  
      	     	          	           	          	           	             	                                      	 0.22010  -1.32731   0.27711   0.83010  
      	     	          	           	          	           	             	                                      	 0.74601   0.27595  -1.18167   0.15971  
      	     	          	           	          	           	             	                                      	 0.11340   0.59990   0.11591  -0.82921  
  #35	4   	-77685.69754	Yes        	4        	6.795    	0.217    	 0.29631   0.20444   0.20333   0.29591	-0.79133   0.15085   0.52425   0.11623  
      	     	          	           	          	           	             	                                      	 0.21864  -1.34525   0.26090   0.86571  
      	     	          	           	          	           	             	                                      	 0.76397   0.26233  -1.19937   0.17307  
      	     	          	           	          	           	             	                                      	 0.11639   0.59811   0.11892  -0.83342  
  #36	4   	-77872.76873	Yes        	4        	1.802    	0.187    	 0.29665   0.21167   0.20455   0.28713	-0.79224   0.16188   0.52547   0.10489  
      	     	          	           	          	           	             	                                      	 0.22688  -1.29919   0.25128   0.82103  
      	     	          	           	          	           	             	                                      	 0.76208   0.26002  -1.20789   0.18579  
      	     	          	           	          	           	             	                                      	 0.10837   0.60527   0.13236  -0.84599  
  #37	4   	-77929.64092	Yes        	4        	1.342    	0.180    	 0.29424   0.20830   0.20833   0.28912	-0.78460   0.15279   0.51709   0.11473  
      	     	          	           	          	           	             	                                      	 0.21582  -1.29939   0.25026   0.83332  
      	     	          	           	          	           	             	                                      	 0.73031   0.25023  -1.18897   0.20843  
      	     	          	           	          	           	             	                                      	 0.11676   0.60038   0.15019  -0.86734  
  #38	4   	-77435.74144	Yes        	4        	1.341    	0.184    	 0.29700   0.20637   0.20813   0.28850	-0.78460   0.14866   0.52602   0.10992  
      	     	          	           	          	           	             	                                      	 0.21395  -1.30709   0.24339   0.84976  
      	     	          	           	          	           	             	                                      	 0.75060   0.24133  -1.19076   0.19882  
      	     	          	           	          	           	             	                                      	 0.11316   0.60786   0.14344  -0.86446  
  #39	4   	-77776.13431	Yes        	4        	1.225    	0.200    	 0.30020   0.20621   0.20339   0.29021	-0.79687   0.17040   0.51351   0.11296  
      	     	          	           	          	           	             	                                      	 0.24806  -1.31852   0.23459   0.83586  
      	     	          	           	          	           	             	                                      	 0.75793   0.23784  -1.19266   0.19689  
      	     	          	           	          	           	             	                                      	 0.11685   0.59393   0.13799  -0.84877  
  #40	4   	-77533.95659	Yes        	4        	1.699    	0.185    	 0.29939   0.20456   0.20424   0.29182	-0.75467   0.15001   0.50426   0.10040  
      	     	          	           	          	           	             	                                      	 0.21956  -1.37380   0.27251   0.88173  
      	     	          	           	          	           	             	                                      	 0.73920   0.27293  -1.19796   0.18583  
      	     	          	           	          	           	             	                                      	 0.10300   0.61807   0.13006  -0.85113  
  #41	4   	-77554.16911	Yes        	4        	1.298    	0.180    	 0.29659   0.20448   0.20602   0.29290	-0.79540   0.15114   0.52256   0.12170  
      	     	          	           	          	           	             	                                      	 0.21922  -1.32193   0.23637   0.86634  
      	     	          	           	          	           	             	                                      	 0.75230   0.23461  -1.17428   0.18737  
      	     	          	           	          	           	             	                                      	 0.12323   0.60482   0.13179  -0.85985  
  #42	4   	-77795.14004	Yes        	4        	2.905    	0.217    	 0.29832   0.20480   0.20495   0.29193	-0.74744   0.16193   0.48574   0.09977  
      	     	          	           	          	           	             	                                      	 0.23587  -1.37502   0.25557   0.88357  
      	     	          	           	          	           	             	                                      	 0.70705   0.25539  -1.17581   0.21336  
      	     	          	           	          	           	             	                                      	 0.10195   0.61985   0.14979  -0.87158  
  #43	4   	-77818.63873	Yes        	4        	1.612    	0.185    	 0.29405   0.21044   0.20830   0.28721	-0.79130   0.13538   0.54552   0.11040  
      	     	          	           	          	           	             	                                      	 0.18917  -1.25246   0.23309   0.83020  
      	     	          	           	          	           	             	                                      	 0.77007   0.23548  -1.21469   0.20913  
      	     	          	           	          	           	             	                                      	 0.11303   0.60828   0.15167  -0.87299  
  #44	4   	-77491.00200	Yes        	4        	1.839    	0.186    	 0.29733   0.20660   0.20605   0.29002	-0.78080   0.14978   0.50694   0.12408  
      	     	          	           	          	           	             	                                      	 0.21556  -1.31353   0.28603   0.81194  
      	     	          	           	          	           	             	                                      	 0.73152   0.28680  -1.21731   0.19899  
      	     	          	           	          	           	             	                                      	 0.12721   0.57840   0.14138  -0.84698  
  #45	4   	-77708.07063	Yes        	4        	1.816    	0.186    	 0.29471   0.20575   0.20972   0.28983	-0.80777   0.15738   0.53488   0.11550  
      	     	          	           	          	           	             	                                      	 0.22543  -1.30251   0.23444   0.84263  
      	     	          	           	          	           	             	                                      	 0.75165   0.23000  -1.17400   0.19236  
      	     	          	           	          	           	             	                                      	 0.11745   0.59818   0.13919  -0.85482  
  #46	4   	-78277.55482	Yes        	4        	1.610    	0.186    	 0.29742   0.20395   0.20585   0.29278	-0.76965   0.14509   0.51534   0.10922  
      	     	          	           	          	           	             	                                      	 0.21158  -1.34018   0.28371   0.84489  
      	     	          	           	          	           	             	                                      	 0.74456   0.28108  -1.22442   0.19877  
      	     	          	           	          	           	             	                                      	 0.11094   0.58854   0.13976  -0.83925  
  #47	4   	-77605.01570	Yes        	4        	1.139    	0.199    	 0.29528   0.20915   0.20438   0.29118	-0.78508   0.15547   0.51897   0.11064  
      	     	          	           	          	           	             	                                      	 0.21948  -1.30315   0.25298   0.83069  
      	     	          	           	          	           	             	                                      	 0.74976   0.25888  -1.21184   0.20319  
      	     	          	           	          	           	             	                                      	 0.11220   0.59668   0.14262  -0.85150  
  #48	4   	-78005.48918	Yes        	4        	0.859    	0.199    	 0.29405   0.20907   0.20728   0.28961	-0.79092   0.15840   0.52039   0.11214  
      	     	          	           	          	           	             	                                      	 0.22278  -1.31305   0.23814   0.85212  
      	     	          	           	          	           	             	                                      	 0.73824   0.24020  -1.16896   0.19052  
      	     	          	           	          	           	             	                                      	 0.11385   0.61515   0.13636  -0.86536  
  #49	4   	-77923.88034	Yes        	4        	1.346    	0.200    	 0.29728   0.20634   0.20877   0.28761	-0.77726   0.17405   0.49076   0.11245  
      	     	          	           	          	           	             	                                      	 0.25077  -1.34087   0.26412   0.82598  
      	     	          	           	          	           	             	                                      	 0.69881   0.26104  -1.17064   0.21079  
      	     	          	           	          	           	             	                                      	 0.11623   0.59258   0.15301  -0.86181  
  #50	4   	-77948.03026	Yes        	4        	1.666    	0.186    	 0.30116   0.20291   0.20614   0.28980	-0.78563   0.15192   0.53614   0.09756  
      	     	          	           	          	           	             	                                      	 0.22549  -1.32847   0.24499   0.85799  
      	     	          	           	          	           	             	                                      	 0.78328   0.24115  -1.21654   0.19212  
      	     	          	           	          	           	             	                                      	 0.10138   0.60073   0.13666  -0.83877  
  #51	4   	-77902.23931	Yes        	4        	0.650    	0.180    	 0.29512   0.21036   0.20517   0.28935	-0.77614   0.16004   0.50423   0.11187  
      	     	          	           	          	           	             	                                      	 0.22452  -1.34681   0.22979   0.89249  
      	     	          	           	          	           	             	                                      	 0.72530   0.23560  -1.13082   0.16992  
      	     	          	           	          	           	             	                                      	 0.11410   0.64885   0.12049  -0.88344  
  #52	4   	-77433.30108	Yes        	4        	1.999    	0.188    	 0.29587   0.20676   0.20374   0.29363	-0.79108   0.16185   0.52825   0.10098  
      	     	          	           	          	           	             	                                      	 0.23161  -1.34373   0.24358   0.86854  
      	     	          	           	          	           	             	                                      	 0.76714   0.24720  -1.19102   0.17668  
      	     	          	           	          	           	             	                                      	 0.10175   0.61159   0.12260  -0.83594  
  #53	4   	-77659.36707	Yes        	4        	0.633    	0.180    	 0.29550   0.21066   0.20495   0.28889	-0.78580   0.15299   0.51038   0.12243  
      	     	          	           	          	           	             	                                      	 0.21460  -1.30394   0.23026   0.85907  
      	     	          	           	          	           	             	                                      	 0.73588   0.23668  -1.15953   0.18697  
      	     	          	           	          	           	             	                                      	 0.12523   0.62642   0.13264  -0.88430  
  #54	4   	-77568.82964	Yes        	4        	1.341    	0.184    	 0.29905   0.20451   0.20615   0.29029	-0.80181   0.15060   0.55089   0.10032  
      	     	          	           	          	           	             	                                      	 0.22022  -1.31384   0.25122   0.84239  
      	     	          	           	          	           	             	                                      	 0.79913   0.24921  -1.22573   0.17738  
      	     	          	           	          	           	             	                                      	 0.10334   0.59346   0.12597  -0.82277  
  #55	4   	-77945.99592	Yes        	4        	1.265    	0.181    	 0.29844   0.20763   0.20290   0.29103	-0.77994   0.14721   0.52451   0.10821  
      	     	          	           	          	           	             	                                      	 0.21160  -1.31104   0.25266   0.84678  
      	     	          	           	          	           	             	                                      	 0.77150   0.25854  -1.22206   0.19202  
      	     	          	           	          	           	             	                                      	 0.11097   0.60411   0.13387  -0.84895  
  #56	4   	-77963.14824	Yes        	4        	1.315    	0.200    	 0.29508   0.20999   0.20399   0.29095	-0.79131   0.15961   0.50678   0.12492  
      	     	          	           	          	           	             	                                      	 0.22429  -1.31511   0.25110   0.83971  
      	     	          	           	          	           	             	                                      	 0.73310   0.25849  -1.17514   0.18355  
      	     	          	           	          	           	             	                                      	 0.12669   0.60605   0.12869  -0.86144  
  #57	4   	-77707.81684	Yes        	4        	1.362    	0.199    	 0.29926   0.20667   0.20473   0.28934	-0.76473   0.14574   0.52527   0.09372  
      	     	          	           	          	           	             	                                      	 0.21104  -1.34621   0.26878   0.86640  
      	     	          	           	          	           	             	                                      	 0.76779   0.27132  -1.21758   0.17847  
      	     	          	           	          	           	             	                                      	 0.09694   0.61886   0.12629  -0.84208  
  #58	4   	-77542.22149	Yes        	4        	1.562    	0.185    	 0.29718   0.20689   0.20567   0.29026	-0.76558   0.15050   0.49076   0.12431  
      	     	          	           	          	           	             	                                      	 0.21619  -1.33030   0.26543   0.84869  
      	     	          	           	          	           	             	                                      	 0.70915   0.26701  -1.18028   0.20412  
      	     	          	           	          	           	             	                                      	 0.12728   0.60493   0.14463  -0.87684  
  #59	4   	-78038.31453	Yes        	4        	1.239    	0.181    	 0.29490   0.20385   0.20866   0.29259	-0.78735   0.14045   0.54082   0.10608  
      	     	          	           	          	           	             	                                      	 0.20319  -1.31915   0.25750   0.85846  
      	     	          	           	          	           	             	                                      	 0.76436   0.25157  -1.20915   0.19321  
      	     	          	           	          	           	             	                                      	 0.10692   0.59811   0.13779  -0.84282  
  #60	4   	-78338.38192	Yes        	4        	1.032    	0.199    	 0.29985   0.21054   0.20222   0.28739	-0.77118   0.14023   0.53555   0.09540  
      	     	          	           	          	           	             	                                      	 0.19971  -1.30015   0.26168   0.83875  
      	     	          	           	          	           	             	                                      	 0.79409   0.27245  -1.24987   0.18333  
      	     	          	           	          	           	             	                                      	 0.09953   0.61449   0.12900  -0.84302  
  #61	4   	-77667.18202	Yes        	4        	1.047    	0.201    	 0.29540   0.20643   0.20768   0.29048	-0.75437   0.14689   0.49930   0.10818  
      	     	          	           	          	           	             	                                      	 0.21021  -1.35094   0.28845   0.85229  
      	     	          	           	          	           	             	                                      	 0.71018   0.28671  -1.19755   0.20066  
      	     	          	           	          	           	             	                                      	 0.11001   0.60568   0.14346  -0.85915  
  #62	4   	-77641.94247	Yes        	4        	1.065    	0.199    	 0.29877   0.20642   0.20561   0.28920	-0.77439   0.13717   0.53766   0.09956  
      	     	          	           	          	           	             	                                      	 0.19854  -1.30223   0.25359   0.85010  
      	     	          	           	          	           	             	                                      	 0.78128   0.25458  -1.23438   0.19852  
      	     	          	           	          	           	             	                                      	 0.10285   0.60675   0.14113  -0.85073  
  #63	4   	-77620.66306	Yes        	4        	8.283    	0.218    	 0.29560   0.20764   0.20261   0.29415	-0.76147   0.17502   0.47869   0.10776  
      	     	          	           	          	           	             	                                      	 0.24917  -1.38007   0.26042   0.87048  
      	     	          	           	          	           	             	                                      	 0.69837   0.26688  -1.16311   0.19786  
      	     	          	           	          	           	             	                                      	 0.10829   0.61448   0.13629  -0.85906  
  #64	4   	-77763.96977	Yes        	4        	1.586    	0.185    	 0.29831   0.20890   0.20342   0.28937	-0.76292   0.13139   0.51124   0.12029  
      	     	          	           	          	           	             	                                      	 0.18763  -1.29008   0.24016   0.86230  
      	     	          	           	          	           	             	                                      	 0.74969   0.24663  -1.20332   0.20700  
      	     	          	           	          	           	             	                                      	 0.12401   0.62252   0.14552  -0.89205  
  #65	4   	-77863.36120	Yes        	4        	2.042    	0.187    	 0.29530   0.20504   0.20803   0.29163	-0.79407   0.14971   0.52206   0.12229  
      	     	          	           	          	           	             	                                      	 0.21561  -1.31968   0.27338   0.83069  
      	     	          	           	          	           	             	                                      	 0.74105   0.26945  -1.19862   0.18812  
      	     	          	           	          	           	             	                                      	 0.12383   0.58405   0.13420  -0.84207  
  #66	4   	-77866.90903	Yes        	4        	6.786    	0.218    	 0.29473   0.20949   0.20569   0.29009	-0.77145   0.15668   0.51211   0.10266  
      	     	          	           	          	           	             	                                      	 0.22044  -1.30475   0.26890   0.81541  
      	     	          	           	          	           	             	                                      	 0.73381   0.27387  -1.22879   0.22111  
      	     	          	           	          	           	             	                                      	 0.10430   0.58884   0.15677  -0.84991  
  #67	4   	-77407.00373	Yes        	4        	1.001    	0.200    	 0.29792   0.20681   0.20670   0.28858	-0.78441   0.14030   0.52827   0.11584  
      	     	          	           	          	           	             	                                      	 0.20211  -1.29789   0.24513   0.85066  
      	     	          	           	          	           	             	                                      	 0.76139   0.24525  -1.19870   0.19205  
      	     	          	           	          	           	             	                                      	 0.11959   0.60962   0.13756  -0.86677  
  #68	4   	-77950.55822	Yes        	4        	0.925    	0.199    	 0.29607   0.20636   0.20463   0.29293	-0.77252   0.16193   0.49475   0.11584  
      	     	          	           	          	           	             	                                      	 0.23232  -1.34529   0.23711   0.87586  
      	     	          	           	          	           	             	                                      	 0.71581   0.23911  -1.15825   0.20333  
      	     	          	           	          	           	             	                                      	 0.11708   0.61701   0.14204  -0.87613  
  #69	4   	-78019.79573	Yes        	4        	1.256    	0.200    	 0.29495   0.20809   0.20618   0.29079	-0.76362   0.14157   0.51941   0.10264  
      	     	          	           	          	           	             	                                      	 0.20067  -1.28631   0.25373   0.83191  
      	     	          	           	          	           	             	                                      	 0.74304   0.25607  -1.23612   0.23700  
      	     	          	           	          	           	             	                                      	 0.10411   0.59531   0.16804  -0.86746  
  #70	4   	-78032.13285	Yes        	4        	3.067    	0.218    	 0.29697   0.20493   0.20452   0.29359	-0.78640   0.16396   0.50547   0.11697  
      	     	          	           	          	           	             	                                      	 0.23760  -1.35831   0.26175   0.85896  
      	     	          	           	          	           	             	                                      	 0.73396   0.26227  -1.17617   0.17994  
      	     	          	           	          	           	             	                                      	 0.11831   0.59956   0.12535  -0.84323  
  #71	4   	-77684.56018	Yes        	4        	1.738    	0.186    	 0.29881   0.20724   0.20266   0.29129	-0.77113   0.13913   0.51228   0.11972  
      	     	          	           	          	           	             	                                      	 0.20061  -1.31893   0.24966   0.86866  
      	     	          	           	          	           	             	                                      	 0.75534   0.25530  -1.19724   0.18661  
      	     	          	           	          	           	             	                                      	 0.12281   0.61801   0.12983  -0.87065  
  #72	4   	-77957.04861	Yes        	4        	1.994    	0.188    	 0.29831   0.20582   0.20386   0.29201	-0.76655   0.14466   0.51328   0.10861  
      	     	          	           	          	           	             	                                      	 0.20966  -1.32391   0.27066   0.84359  
      	     	          	           	          	           	             	                                      	 0.75107   0.27326  -1.23034   0.20601  
      	     	          	           	          	           	             	                                      	 0.11095   0.59460   0.14382  -0.84937  
  #73	4   	-77822.10594	Yes        	4        	1.240    	0.199    	 0.29445   0.21054   0.20410   0.29092	-0.77589   0.15308   0.51068   0.11213  
      	     	          	           	          	           	             	                                      	 0.21409  -1.31834   0.26510   0.83914  
      	     	          	           	          	           	             	                                      	 0.73675   0.27346  -1.20158   0.19136  
      	     	          	           	          	           	             	                                      	 0.11349   0.60728   0.13425  -0.85503  
  #74	4   	-77580.29496	Yes        	4        	1.508    	0.185    	 0.29865   0.20870   0.20245   0.29019	-0.77450   0.13752   0.52863   0.10835  
      	     	          	           	          	           	             	                                      	 0.19680  -1.29659   0.24583   0.85396  
      	     	          	           	          	           	             	                                      	 0.77982   0.25342  -1.22670   0.19346  
      	     	          	           	          	           	             	                                      	 0.11150   0.61415   0.13497  -0.86062  
  #75	4   	-77949.96073	Yes        	4        	1.050    	0.201    	 0.29354   0.20848   0.20757   0.29041	-0.80596   0.15898   0.53455   0.11243  
      	     	          	           	          	           	             	                                      	 0.22385  -1.27783   0.26561   0.78837  
      	     	          	           	          	           	             	                                      	 0.75597   0.26679  -1.23319   0.21043  
      	     	          	           	          	           	             	                                      	 0.11364   0.56597   0.15040  -0.83001  
  #76	4   	-77610.31961	Yes        	4        	0.842    	0.199    	 0.29648   0.20559   0.20519   0.29275	-0.78641   0.15134   0.52634   0.10873  
      	     	          	           	          	           	             	                                      	 0.21825  -1.34190   0.26573   0.85793  
      	     	          	           	          	           	             	                                      	 0.76050   0.26624  -1.20141   0.17467  
      	     	          	           	          	           	             	                                      	 0.11012   0.60249   0.12242  -0.83503  
  #77	4   	-77960.54503	Yes        	4        	1.901    	0.187    	 0.29470   0.20733   0.20781   0.29016	-0.76948   0.15461   0.51078   0.10409  
      	     	          	           	          	           	             	                                      	 0.21976  -1.34439   0.26765   0.85698  
      	     	          	           	          	           	             	                                      	 0.72434   0.26703  -1.18417   0.19280  
      	     	          	           	          	           	             	                                      	 0.10572   0.61235   0.13809  -0.85615  
  #78	4   	-78515.49503	Yes        	4        	1.791    	0.205    	 0.29632   0.20673   0.20546   0.29149	-0.76352   0.16612   0.49505   0.10235  
      	     	          	           	          	           	             	                                      	 0.23810  -1.36159   0.26087   0.86261  
      	     	          	           	          	           	             	                                      	 0.71397   0.26249  -1.17842   0.20195  
      	     	          	           	          	           	             	                                      	 0.10404   0.61179   0.14235  -0.85819  
  #79	4   	-77732.84303	Yes        	4        	8.865    	0.198    	 0.29520   0.20501   0.20939   0.29041	-0.77370   0.15949   0.49698   0.11722  
      	     	          	           	          	           	             	                                      	 0.22965  -1.35352   0.27543   0.84844  
      	     	          	           	          	           	             	                                      	 0.70066   0.26968  -1.16711   0.19678  
      	     	          	           	          	           	             	                                      	 0.11916   0.59895   0.14188  -0.85998  
  #80	4   	-77783.95252	Yes        	4        	1.319    	0.179    	 0.29910   0.20714   0.20410   0.28966	-0.78915   0.13769   0.55302   0.09844  
      	     	          	           	          	           	             	                                      	 0.19882  -1.28437   0.24044   0.84511  
      	     	          	           	          	           	             	                                      	 0.81044   0.24403  -1.24605   0.19158  
      	     	          	           	          	           	             	                                      	 0.10165   0.60436   0.13499  -0.84099  
  #81	4   	-78296.76966	Yes        	4        	1.201    	0.200    	 0.29572   0.20693   0.20802   0.28933	-0.79340   0.15369   0.53642   0.10329  
      	     	          	           	          	           	             	                                      	 0.21963  -1.32369   0.27470   0.82936  
      	     	          	           	          	           	             	                                      	 0.76257   0.27327  -1.21327   0.17743  
      	     	          	           	          	           	             	                                      	 0.10557   0.59318   0.12757  -0.82632  
  #82	4   	-77487.03151	Yes        	4        	1.378    	0.202    	 0.29510   0.20721   0.20872   0.28896	-0.75936   0.15715   0.49229   0.10991  
      	     	          	           	          	           	             	                                      	 0.22381  -1.36210   0.26227   0.87602  
      	     	          	           	          	           	             	                                      	 0.69603   0.26037  -1.14825   0.19185  
      	     	          	           	          	           	             	                                      	 0.11225   0.62818   0.13858  -0.87901  
  #83	4   	-77571.75476	Yes        	4        	3.679    	0.216    	 0.29896   0.20706   0.20478   0.28919	-0.78143   0.13157   0.52849   0.12137  
      	     	          	           	          	           	             	                                      	 0.18997  -1.27960   0.23275   0.85687  
      	     	          	           	          	           	             	                                      	 0.77153   0.23534  -1.20591   0.19903  
      	     	          	           	          	           	             	                                      	 0.12547   0.61354   0.14094  -0.87995  
  #84	4   	-77845.14151	Yes        	4        	0.600    	0.180    	 0.29606   0.21100   0.20332   0.28962	-0.76414   0.13092   0.53173   0.10149  
      	     	          	           	          	           	             	                                      	 0.18369  -1.29735   0.23204   0.88161  
      	     	          	           	          	           	             	                                      	 0.77428   0.24081  -1.20586   0.19078  
      	     	          	           	          	           	             	                                      	 0.10375   0.64228   0.13393  -0.87996  
  #85	4   	-77877.38774	Yes        	4        	1.158    	0.200    	 0.29458   0.20538   0.20887   0.29117	-0.82294   0.16165   0.54124   0.12005  
      	     	          	           	          	           	             	                                      	 0.23184  -1.30781   0.24644   0.82952  
      	     	          	           	          	           	             	                                      	 0.76334   0.24233  -1.18088   0.17521  
      	     	          	           	          	           	             	                                      	 0.12146   0.58512   0.12568  -0.83226  
  #86	4   	-78051.80103	Yes        	4        	5.166    	0.196    	 0.29947   0.20575   0.20430   0.29049	-0.78863   0.14708   0.52626   0.11529  
      	     	          	           	          	           	             	                                      	 0.21408  -1.31216   0.27413   0.82395  
      	     	          	           	          	           	             	                                      	 0.77141   0.27607  -1.23301   0.18553  
      	     	          	           	          	           	             	                                      	 0.11886   0.58359   0.13048  -0.83293  
  #87	4   	-77795.71505	Yes        	4        	2.540    	0.217    	 0.29999   0.20757   0.20133   0.29111	-0.79104   0.15821   0.53089   0.10194  
      	     	          	           	          	           	             	                                      	 0.22865  -1.32938   0.26288   0.83785  
      	     	          	           	          	           	             	                                      	 0.79106   0.27103  -1.23204   0.16996  
      	     	          	           	          	           	             	                                      	 0.10505   0.59742   0.11754  -0.82000  
  #88	4   	-77449.04647	Yes        	4        	0.807    	0.200    	 0.29669   0.20556   0.20712   0.29064	-0.78310   0.14134   0.53070   0.11106  
      	     	          	           	          	           	             	                                      	 0.20400  -1.30101   0.26409   0.83292  
      	     	          	           	          	           	             	                                      	 0.76020   0.26210  -1.22588   0.20358  
      	     	          	           	          	           	             	                                      	 0.11338   0.58910   0.14508  -0.84756  
  #89	4   	-77824.00844	Yes        	4        	1.353    	0.202    	 0.29648   0.20979   0.20338   0.29035	-0.79474   0.17350   0.50987   0.11137  
      	     	          	           	          	           	             	                                      	 0.24519  -1.31375   0.24358   0.82498  
      	     	          	           	          	           	             	                                      	 0.74328   0.25126  -1.19222   0.19768  
      	     	          	           	          	           	             	                                      	 0.11372   0.59607   0.13846  -0.84826  
  #90	4   	-78091.03169	Yes        	4        	1.694    	0.186    	 0.29428   0.20968   0.20487   0.29116	-0.78937   0.14310   0.53774   0.10853  
      	     	          	           	          	           	             	                                      	 0.20084  -1.30937   0.24218   0.86635  
      	     	          	           	          	           	             	                                      	 0.77242   0.24786  -1.19239   0.17212  
      	     	          	           	          	           	             	                                      	 0.10969   0.62392   0.12111  -0.85472  
  #91	4   	-77821.44137	Yes        	4        	1.869    	0.187    	 0.29625   0.20828   0.20252   0.29295	-0.80105   0.14820   0.53638   0.11647  
      	     	          	           	          	           	             	                                      	 0.21080  -1.29304   0.27741   0.80483  
      	     	          	           	          	           	             	                                      	 0.78462   0.28529  -1.25400   0.18408  
      	     	          	           	          	           	             	                                      	 0.11779   0.57221   0.12726  -0.81726  
  #92	4   	-77760.05752	Yes        	4        	1.240    	0.200    	 0.29557   0.20923   0.20624   0.28896	-0.78326   0.16462   0.51587   0.10277  
      	     	          	           	          	           	             	                                      	 0.23255  -1.33507   0.27043   0.83209  
      	     	          	           	          	           	             	                                      	 0.73933   0.27436  -1.19702   0.18333  
      	     	          	           	          	           	             	                                      	 0.10512   0.60250   0.13085  -0.83847  
  #93	4   	-78309.88223	Yes        	4        	1.083    	0.200    	 0.29625   0.20793   0.20573   0.29009	-0.78977   0.15356   0.52749   0.10872  
      	     	          	           	          	           	             	                                      	 0.21880  -1.31223   0.25555   0.83788  
      	     	          	           	          	           	             	                                      	 0.75960   0.25828  -1.20586   0.18798  
      	     	          	           	          	           	             	                                      	 0.11103   0.60056   0.13331  -0.84490  
  #94	4   	-78019.10415	Yes        	4        	1.061    	0.199    	 0.29630   0.20391   0.20552   0.29427	-0.77502   0.15123   0.51507   0.10872  
      	     	          	           	          	           	             	                                      	 0.21975  -1.35850   0.25619   0.88256  
      	     	          	           	          	           	             	                                      	 0.74256   0.25417  -1.18243   0.18570  
      	     	          	           	          	           	             	                                      	 0.10946   0.61155   0.12969  -0.85071  
  #95	4   	-77711.42581	Yes        	4        	1.007    	0.200    	 0.29550   0.20517   0.20488   0.29444	-0.76391   0.14011   0.51676   0.10705  
      	     	          	           	          	           	             	                                      	 0.20179  -1.33337   0.28366   0.84792  
      	     	          	           	          	           	             	                                      	 0.74532   0.28406  -1.23482   0.20544  
      	     	          	           	          	           	             	                                      	 0.10743   0.59085   0.14296  -0.84124  
  #96	4   	-77789.77426	Yes        	4        	1.422    	0.184    	 0.29702   0.20673   0.20805   0.28820	-0.79741   0.15630   0.53295   0.10816  
      	     	          	           	          	           	             	                                      	 0.22456  -1.30726   0.25858   0.82411  
      	     	          	           	          	           	             	                                      	 0.76088   0.25695  -1.20684   0.18901  
      	     	          	           	          	           	             	                                      	 0.11148   0.59116   0.13644  -0.83908  
  #97	4   	-77763.91948	Yes        	4        	1.130    	0.200    	 0.29623   0.20600   0.20759   0.29019	-0.77319   0.15745   0.50459   0.11115  
      	     	          	           	          	           	             	                                      	 0.22641  -1.32525   0.27078   0.82806  
      	     	          	           	          	           	             	                                      	 0.72005   0.26870  -1.20362   0.21486  
      	     	          	           	          	           	             	                                      	 0.11346   0.58782   0.15370  -0.85499  
  #98	4   	-77925.26050	Yes        	4        	0.927    	0.200    	 0.29679   0.20736   0.20850   0.28735	-0.77422   0.16030   0.50863   0.10528  
      	     	          	           	          	           	             	                                      	 0.22944  -1.33016   0.24979   0.85093  
      	     	          	           	          	           	             	                                      	 0.72403   0.24843  -1.17376   0.20131  
      	     	          	           	          	           	             	                                      	 0.10874   0.61406   0.14607  -0.86887  
  #99	4   	-78118.95246	Yes        	4        	3.004    	0.218    	 0.29542   0.20600   0.20447   0.29410	-0.76045   0.16668   0.48194   0.11183  
      	     	          	           	          	           	             	                                      	 0.23903  -1.35656   0.24149   0.87604  
      	     	          	           	          	           	             	                                      	 0.69630   0.24329  -1.16032   0.22073  
      	     	          	           	          	           	             	                                      	 0.11233   0.61362   0.15346  -0.87942  
  #100	4   	-78025.78388	Yes        	4        	1.187    	0.200    	 0.29633   0.20909   0.20646   0.28811	-0.76004   0.15094   0.48124   0.12786  
      	     	          	           	          	           	             	                                      	 0.21392  -1.35085   0.27497   0.86195  
      	     	          	           	          	           	             	                                      	 0.69071   0.27847  -1.14865   0.17946  
      	     	          	           	          	           	             	                                      	 0.13151   0.62555   0.12861  -0.88566  
