. Sequence file : [Hominid_AMELX.phy]

. Model of nucleotides substitution : GTR

. Initial tree : [BioNJ]


. Data	Nb of 	Likelihood	Discrete   	Number of 	Gamma shape	Proportion of	Nucleotides frequencies               	Instantaneous rate matrix              	
  set	taxa	loglk     	gamma model	categories	parameter  	invariant    	f(A)      f(C)      f(G)      f(T)    	[A---------C---------G---------T------]	

  #1	4   	-11335.02127	Yes        	4        	0.550    	0.195    	 0.30762   0.21557   0.16871   0.30810	-0.71389   0.17682   0.45545   0.08162  
      	     	          	           	          	           	             	                                      	 0.25232  -1.42509   0.26001   0.91275  
      	     	          	           	          	           	             	                                      	 0.83044   0.33224  -1.32615   0.16347  
      	     	          	           	          	           	             	                                      	 0.08149   0.63864   0.08951  -0.80964  
  #2	4   	-11314.24992	Yes        	4        	618.416    	0.168    	 0.31017   0.19790   0.17683   0.31510	-0.69978   0.10572   0.49644   0.09762  
      	     	          	           	          	           	             	                                      	 0.16569  -1.47854   0.18012   1.13274  
      	     	          	           	          	           	             	                                      	 0.87077   0.20158  -1.20317   0.13083  
      	     	          	           	          	           	             	                                      	 0.09610   0.71143   0.07342  -0.88094  
  #3	4   	-11468.52029	Yes        	4        	382.584    	0.203    	 0.30305   0.20376   0.17913   0.31407	-0.69758   0.09943   0.48448   0.11367  
      	     	          	           	          	           	             	                                      	 0.14788  -1.38451   0.23649   1.00014  
      	     	          	           	          	           	             	                                      	 0.81964   0.26901  -1.29314   0.20449  
      	     	          	           	          	           	             	                                      	 0.10968   0.64885   0.11663  -0.87516  
  #4	4   	-11405.62208	Yes        	4        	882.457    	0.131    	 0.30175   0.20475   0.18382   0.30967	-0.76927   0.14377   0.52817   0.09733  
      	     	          	           	          	           	             	                                      	 0.21187  -1.38758   0.23605   0.93966  
      	     	          	           	          	           	             	                                      	 0.86703   0.26293  -1.27759   0.14763  
      	     	          	           	          	           	             	                                      	 0.09485   0.62130   0.08763  -0.80379  
  #5	4   	-11391.53749	Yes        	4        	618.416    	0.160    	 0.30965   0.20697   0.17619   0.30719	-0.65269   0.10861   0.42795   0.11612  
      	     	          	           	          	           	             	                                      	 0.16249  -1.48318   0.32222   0.99847  
      	     	          	           	          	           	             	                                      	 0.75212   0.37851  -1.26998   0.13935  
      	     	          	           	          	           	             	                                      	 0.11705   0.67272   0.07993  -0.86970  
  #6	4   	-11268.40859	Yes        	4        	0.394    	0.192    	 0.29175   0.22212   0.18857   0.29756	-0.78955   0.16665   0.50457   0.11833  
      	     	          	           	          	           	             	                                      	 0.21889  -1.27826   0.24596   0.81341  
      	     	          	           	          	           	             	                                      	 0.78067   0.28972  -1.25251   0.18212  
      	     	          	           	          	           	             	                                      	 0.11602   0.60718   0.11541  -0.83861  
  #7	4   	-11319.84731	Yes        	4        	618.416    	0.167    	 0.30945   0.20946   0.17299   0.30810	-0.74818   0.13182   0.53231   0.08405  
      	     	          	           	          	           	             	                                      	 0.19475  -1.36317   0.21843   0.94999  
      	     	          	           	          	           	             	                                      	 0.95221   0.26448  -1.35394   0.13725  
      	     	          	           	          	           	             	                                      	 0.08442   0.64583   0.07706  -0.80731  
  #8	4   	-11238.33968	Yes        	4        	382.584    	0.215    	 0.30877   0.20264   0.17680   0.31179	-0.72864   0.07373   0.53095   0.12397  
      	     	          	           	          	           	             	                                      	 0.11234  -1.34460   0.27106   0.96120  
      	     	          	           	          	           	             	                                      	 0.92724   0.31067  -1.38110   0.14318  
      	     	          	           	          	           	             	                                      	 0.12277   0.62470   0.08119  -0.82866  
  #9	4   	-11290.29839	Yes        	4        	618.416    	0.178    	 0.30474   0.20611   0.17818   0.31098	-0.72418   0.11350   0.49859   0.11209  
      	     	          	           	          	           	             	                                      	 0.16781  -1.40448   0.19327   1.04340  
      	     	          	           	          	           	             	                                      	 0.85276   0.22356  -1.21342   0.13710  
      	     	          	           	          	           	             	                                      	 0.10984   0.69154   0.07855  -0.87993  
  #10	4   	-11372.17996	Yes        	4        	618.416    	0.166    	 0.30218   0.20660   0.17918   0.31205	-0.82163   0.15487   0.53597   0.13078  
      	     	          	           	          	           	             	                                      	 0.22652  -1.26532   0.27491   0.76389  
      	     	          	           	          	           	             	                                      	 0.90389   0.31698  -1.42798   0.20711  
      	     	          	           	          	           	             	                                      	 0.12664   0.50575   0.11892  -0.75132  
  #11	4   	-11162.26711	Yes        	4        	618.416    	0.197    	 0.31797   0.20417   0.17068   0.30719	-0.74803   0.09998   0.55727   0.09078  
      	     	          	           	          	           	             	                                      	 0.15570  -1.27237   0.26263   0.85404  
      	     	          	           	          	           	             	                                      	 1.03818   0.31416  -1.55252   0.20017  
      	     	          	           	          	           	             	                                      	 0.09396   0.56762   0.11122  -0.77280  
  #12	4   	-11392.99361	Yes        	4        	618.416    	0.167    	 0.30797   0.20588   0.17556   0.31059	-0.81134   0.17129   0.52969   0.11036  
      	     	          	           	          	           	             	                                      	 0.25623  -1.32693   0.22553   0.84518  
      	     	          	           	          	           	             	                                      	 0.92920   0.26448  -1.36280   0.16913  
      	     	          	           	          	           	             	                                      	 0.10943   0.56025   0.09560  -0.76528  
  #13	4   	-11470.27692	Yes        	4        	882.331    	0.144    	 0.31201   0.21164   0.17228   0.30408	-0.77883   0.15177   0.53802   0.08903  
      	     	          	           	          	           	             	                                      	 0.22375  -1.32678   0.26761   0.83542  
      	     	          	           	          	           	             	                                      	 0.97439   0.32875  -1.43990   0.13676  
      	     	          	           	          	           	             	                                      	 0.09135   0.58144   0.07748  -0.75028  
  #14	4   	-11406.42417	Yes        	4        	882.294    	0.154    	 0.30801   0.21660   0.17171   0.30369	-0.67680   0.14035   0.39622   0.14023  
      	     	          	           	          	           	             	                                      	 0.19959  -1.45244   0.25700   0.99585  
      	     	          	           	          	           	             	                                      	 0.71075   0.32419  -1.15242   0.11748  
      	     	          	           	          	           	             	                                      	 0.14223   0.71027   0.06643  -0.91892  
  #15	4   	-11403.14050	Yes        	4        	882.459    	0.125    	 0.30187   0.21725   0.17562   0.30526	-0.76001   0.16128   0.55479   0.04393  
      	     	          	           	          	           	             	                                      	 0.22410  -1.32101   0.18117   0.91574  
      	     	          	           	          	           	             	                                      	 0.95366   0.22411  -1.36155   0.18378  
      	     	          	           	          	           	             	                                      	 0.04345   0.65171   0.10573  -0.80088  
  #16	4   	-11404.64458	Yes        	4        	382.584    	0.201    	 0.31040   0.21112   0.17559   0.30289	-0.83041   0.17654   0.56691   0.08695  
      	     	          	           	          	           	             	                                      	 0.25956  -1.29970   0.20744   0.83270  
      	     	          	           	          	           	             	                                      	 1.00218   0.24942  -1.38058   0.12897  
      	     	          	           	          	           	             	                                      	 0.08911   0.58041   0.07476  -0.74428  
  #17	4   	-11393.50073	Yes        	4        	1.286    	0.202    	 0.31215   0.20310   0.17587   0.30888	-0.78622   0.15936   0.55120   0.07566  
      	     	          	           	          	           	             	                                      	 0.24493  -1.32271   0.20163   0.87615  
      	     	          	           	          	           	             	                                      	 0.97830   0.23284  -1.41407   0.20292  
      	     	          	           	          	           	             	                                      	 0.07646   0.57609   0.11554  -0.76809  
  #18	4   	-11237.09223	Yes        	4        	618.416    	0.180    	 0.31556   0.20109   0.17409   0.30925	-0.85780   0.16253   0.61553   0.07973  
      	     	          	           	          	           	             	                                      	 0.25505  -1.28164   0.20490   0.82168  
      	     	          	           	          	           	             	                                      	 1.11574   0.23669  -1.48378   0.13136  
      	     	          	           	          	           	             	                                      	 0.08136   0.53431   0.07395  -0.68962  
  #19	4   	-11336.29213	Yes        	4        	618.416    	0.163    	 0.31616   0.21067   0.17180   0.30137	-0.72137   0.11985   0.55765   0.04387  
      	     	          	           	          	           	             	                                      	 0.17986  -1.32502   0.12391   1.02125  
      	     	          	           	          	           	             	                                      	 1.02626   0.15196  -1.35677   0.17855  
      	     	          	           	          	           	             	                                      	 0.04603   0.71390   0.10178  -0.86172  
  #20	4   	-11245.00266	Yes        	4        	618.416    	0.170    	 0.30691   0.19887   0.18219   0.31202	-0.78916   0.14998   0.56550   0.07368  
      	     	          	           	          	           	             	                                      	 0.23146  -1.43770   0.19452   1.01172  
      	     	          	           	          	           	             	                                      	 0.95261   0.21233  -1.26324   0.09830  
      	     	          	           	          	           	             	                                      	 0.07247   0.64483   0.05740  -0.77470  
  #21	4   	-11407.06818	Yes        	4        	382.584    	0.200    	 0.31344   0.21112   0.17595   0.29949	-0.75715   0.13286   0.47009   0.15419  
      	     	          	           	          	           	             	                                      	 0.19726  -1.31111   0.22192   0.89193  
      	     	          	           	          	           	             	                                      	 0.83739   0.26627  -1.26012   0.15646  
      	     	          	           	          	           	             	                                      	 0.16137   0.62874   0.09192  -0.88203  
  #22	4   	-11390.08153	Yes        	4        	618.416    	0.170    	 0.30516   0.19985   0.18374   0.31125	-0.80310   0.15724   0.57334   0.07252  
      	     	          	           	          	           	             	                                      	 0.24011  -1.33372   0.19428   0.89934  
      	     	          	           	          	           	             	                                      	 0.95220   0.21131  -1.36142   0.19792  
      	     	          	           	          	           	             	                                      	 0.07110   0.57746   0.11684  -0.76540  
  #23	4   	-11231.82574	Yes        	4        	882.454    	0.137    	 0.30745   0.20934   0.17852   0.30469	-0.72189   0.08419   0.54580   0.09189  
      	     	          	           	          	           	             	                                      	 0.12365  -1.31576   0.16267   1.02944  
      	     	          	           	          	           	             	                                      	 0.93999   0.19075  -1.29040   0.15965  
      	     	          	           	          	           	             	                                      	 0.09273   0.70728   0.09354  -0.89354  
  #24	4   	-11368.52821	Yes        	4        	1.000    	0.200    	 0.30709   0.21085   0.17537   0.30670	-0.87936   0.15066   0.63210   0.09661  
      	     	          	           	          	           	             	                                      	 0.21942  -1.24715   0.17749   0.85024  
      	     	          	           	          	           	             	                                      	 1.10687   0.21340  -1.39592   0.07566  
      	     	          	           	          	           	             	                                      	 0.09673   0.58451   0.04326  -0.72450  
  #25	4   	-11290.03704	Yes        	4        	618.416    	0.174    	 0.30720   0.21365   0.17817   0.30099	-0.76243   0.16474   0.54157   0.05612  
      	     	          	           	          	           	             	                                      	 0.23688  -1.36210   0.20320   0.92202  
      	     	          	           	          	           	             	                                      	 0.93381   0.24366  -1.31993   0.14247  
      	     	          	           	          	           	             	                                      	 0.05728   0.65447   0.08433  -0.79608  
  #26	4   	-11204.03981	Yes        	4        	0.925    	0.200    	 0.29678   0.20884   0.19118   0.30320	-0.85113   0.15204   0.60754   0.09155  
      	     	          	           	          	           	             	                                      	 0.21606  -1.22738   0.17718   0.83414  
      	     	          	           	          	           	             	                                      	 0.94309   0.19354  -1.32599   0.18937  
      	     	          	           	          	           	             	                                      	 0.08961   0.57453   0.11941  -0.78355  
  #27	4   	-11400.27620	Yes        	4        	382.584    	0.201    	 0.29780   0.21281   0.17942   0.30998	-0.72590   0.16423   0.50138   0.06029  
      	     	          	           	          	           	             	                                      	 0.22982  -1.40132   0.24182   0.92969  
      	     	          	           	          	           	             	                                      	 0.83220   0.28682  -1.31145   0.19243  
      	     	          	           	          	           	             	                                      	 0.05792   0.63824   0.11138  -0.80754  
  #28	4   	-11427.38544	Yes        	4        	618.416    	0.198    	 0.30748   0.20972   0.17197   0.31083	-0.73617   0.11832   0.52116   0.09668  
      	     	          	           	          	           	             	                                      	 0.17348  -1.37828   0.24833   0.95648  
      	     	          	           	          	           	             	                                      	 0.93181   0.30284  -1.35659   0.12194  
      	     	          	           	          	           	             	                                      	 0.09564   0.64536   0.06747  -0.80846  
  #29	4   	-11418.82235	Yes        	4        	618.416    	0.197    	 0.30408   0.20949   0.17243   0.31400	-0.65370   0.12996   0.46805   0.05570  
      	     	          	           	          	           	             	                                      	 0.18863  -1.49041   0.22164   1.08014  
      	     	          	           	          	           	             	                                      	 0.82543   0.26929  -1.26004   0.16532  
      	     	          	           	          	           	             	                                      	 0.05394   0.72065   0.09079  -0.86537  
  #30	4   	-11310.36332	Yes        	4        	382.584    	0.200    	 0.30278   0.20503   0.17212   0.32007	-0.73230   0.19051   0.48777   0.05402  
      	     	          	           	          	           	             	                                      	 0.28134  -1.52348   0.27277   0.96937  
      	     	          	           	          	           	             	                                      	 0.85802   0.32491  -1.32007   0.13713  
      	     	          	           	          	           	             	                                      	 0.05111   0.62094   0.07375  -0.74579  
  #31	4   	-11538.58018	Yes        	4        	882.451    	0.126    	 0.30361   0.20601   0.17658   0.31380	-0.77251   0.13190   0.55651   0.08409  
      	     	          	           	          	           	             	                                      	 0.19439  -1.35736   0.21653   0.94643  
      	     	          	           	          	           	             	                                      	 0.95684   0.25261  -1.35600   0.14655  
      	     	          	           	          	           	             	                                      	 0.08136   0.62134   0.08247  -0.78517  
  #32	4   	-11287.57377	Yes        	4        	882.463    	0.130    	 0.30180   0.20513   0.17846   0.31461	-0.81951   0.15331   0.54002   0.12619  
      	     	          	           	          	           	             	                                      	 0.22556  -1.29547   0.16302   0.90689  
      	     	          	           	          	           	             	                                      	 0.91326   0.18738  -1.28668   0.18603  
      	     	          	           	          	           	             	                                      	 0.12105   0.59130   0.10552  -0.81788  
  #33	4   	-11302.81127	Yes        	4        	618.416    	0.175    	 0.30354   0.20594   0.18197   0.30854	-0.78725   0.14626   0.58608   0.05491  
      	     	          	           	          	           	             	                                      	 0.21559  -1.38906   0.22801   0.94546  
      	     	          	           	          	           	             	                                      	 0.97762   0.25804  -1.34211   0.10646  
      	     	          	           	          	           	             	                                      	 0.05402   0.63105   0.06279  -0.74785  
  #34	4   	-11355.36768	Yes        	4        	382.584    	0.201    	 0.31218   0.20617   0.17673   0.30492	-0.70234   0.11830   0.51874   0.06530  
      	     	          	           	          	           	             	                                      	 0.17913  -1.39599   0.27275   0.94411  
      	     	          	           	          	           	             	                                      	 0.91632   0.31819  -1.40350   0.16899  
      	     	          	           	          	           	             	                                      	 0.06685   0.63835   0.09794  -0.80314  
  #35	4   	-11262.29933	Yes        	4        	382.584    	0.201    	 0.31299   0.21015   0.17082   0.30604	-0.74559   0.17124   0.49412   0.08022  
      	     	          	           	          	           	             	                                      	 0.25504  -1.35429   0.14577   0.95348  
      	     	          	           	          	           	             	                                      	 0.90536   0.17933  -1.29330   0.20861  
      	     	          	           	          	           	             	                                      	 0.08204   0.65472   0.11644  -0.85320  
  #36	4   	-11470.78062	Yes        	4        	2.040    	0.204    	 0.30608   0.21192   0.18105   0.30095	-0.88156   0.17548   0.59044   0.11564  
      	     	          	           	          	           	             	                                      	 0.25346  -1.22461   0.20247   0.76868  
      	     	          	           	          	           	             	                                      	 0.99820   0.23699  -1.36978   0.13458  
      	     	          	           	          	           	             	                                      	 0.11761   0.54127   0.08096  -0.73984  
  #37	4   	-11283.71721	Yes        	4        	382.584    	0.203    	 0.30678   0.20737   0.18103   0.30481	-0.75443   0.15186   0.51082   0.09176  
      	     	          	           	          	           	             	                                      	 0.22466  -1.42134   0.26464   0.93204  
      	     	          	           	          	           	             	                                      	 0.86564   0.30314  -1.28144   0.11266  
      	     	          	           	          	           	             	                                      	 0.09235   0.63409   0.06691  -0.79335  
  #38	4   	-11401.30637	Yes        	4        	618.416    	0.160    	 0.32180   0.19388   0.17780   0.30652	-0.77289   0.13136   0.54621   0.09532  
      	     	          	           	          	           	             	                                      	 0.21803  -1.32060   0.31420   0.78837  
      	     	          	           	          	           	             	                                      	 0.98861   0.34263  -1.54223   0.21099  
      	     	          	           	          	           	             	                                      	 0.10007   0.49867   0.12239  -0.72112  
  #39	4   	-11534.26711	Yes        	4        	0.520    	0.194    	 0.30071   0.21534   0.17703   0.30692	-0.86063   0.16363   0.56162   0.13537  
      	     	          	           	          	           	             	                                      	 0.22850  -1.30491   0.16302   0.91339  
      	     	          	           	          	           	             	                                      	 0.95396   0.19830  -1.20541   0.05315  
      	     	          	           	          	           	             	                                      	 0.13263   0.64085   0.03066  -0.80414  
  #40	4   	-11499.88218	Yes        	4        	2.096    	0.205    	 0.30858   0.20719   0.18101   0.30322	-0.78666   0.12970   0.56293   0.09403  
      	     	          	           	          	           	             	                                      	 0.19316  -1.30423   0.18600   0.92507  
      	     	          	           	          	           	             	                                      	 0.95966   0.21290  -1.32199   0.14943  
      	     	          	           	          	           	             	                                      	 0.09570   0.63211   0.08921  -0.81701  
  #41	4   	-11408.87840	Yes        	4        	382.584    	0.225    	 0.30362   0.21005   0.17011   0.31621	-0.80687   0.16285   0.59594   0.04807  
      	     	          	           	          	           	             	                                      	 0.23540  -1.36837   0.19732   0.93566  
      	     	          	           	          	           	             	                                      	 1.06364   0.24364  -1.40741   0.10013  
      	     	          	           	          	           	             	                                      	 0.04616   0.62154   0.05387  -0.72156  
  #42	4   	-11403.64448	Yes        	4        	1.165    	0.201    	 0.29666   0.21301   0.18617   0.30415	-0.79797   0.15071   0.52893   0.11833  
      	     	          	           	          	           	             	                                      	 0.20990  -1.26836   0.16709   0.89137  
      	     	          	           	          	           	             	                                      	 0.84284   0.19117  -1.23710   0.20308  
      	     	          	           	          	           	             	                                      	 0.11542   0.62426   0.12431  -0.86398  
  #43	4   	-11303.18838	Yes        	4        	618.416    	0.200    	 0.31794   0.20513   0.17124   0.30569	-0.72665   0.16010   0.46086   0.10569  
      	     	          	           	          	           	             	                                      	 0.24816  -1.50192   0.28711   0.96665  
      	     	          	           	          	           	             	                                      	 0.85570   0.34393  -1.26845   0.06883  
      	     	          	           	          	           	             	                                      	 0.10993   0.64865   0.03855  -0.79713  
  #44	4   	-11506.03781	Yes        	4        	882.303    	0.154    	 0.30686   0.20593   0.17478   0.31243	-0.87166   0.13578   0.59325   0.14264  
      	     	          	           	          	           	             	                                      	 0.20232  -1.22178   0.19498   0.82448  
      	     	          	           	          	           	             	                                      	 1.04158   0.22973  -1.40051   0.12920  
      	     	          	           	          	           	             	                                      	 0.14010   0.54344   0.07228  -0.75582  
  #45	4   	-11496.05543	Yes        	4        	1.081    	0.201    	 0.30188   0.19857   0.18777   0.31179	-0.71171   0.14590   0.47030   0.09550  
      	     	          	           	          	           	             	                                      	 0.22181  -1.46807   0.23556   1.01070  
      	     	          	           	          	           	             	                                      	 0.75611   0.24912  -1.20592   0.20069  
      	     	          	           	          	           	             	                                      	 0.09246   0.64369   0.12086  -0.85701  
  #46	4   	-11369.06081	Yes        	4        	1.016    	0.200    	 0.30104   0.20746   0.17737   0.31412	-0.75970   0.14795   0.52240   0.08935  
      	     	          	           	          	           	             	                                      	 0.21469  -1.34325   0.19247   0.93609  
      	     	          	           	          	           	             	                                      	 0.88663   0.22512  -1.32129   0.20955  
      	     	          	           	          	           	             	                                      	 0.08563   0.61822   0.11832  -0.82217  
  #47	4   	-11237.29841	Yes        	4        	618.416    	0.167    	 0.31488   0.20539   0.17021   0.30952	-0.71058   0.13966   0.47352   0.09740  
      	     	          	           	          	           	             	                                      	 0.21412  -1.40751   0.26621   0.92718  
      	     	          	           	          	           	             	                                      	 0.87600   0.32123  -1.38019   0.18296  
      	     	          	           	          	           	             	                                      	 0.09908   0.61525   0.10061  -0.81495  
  #48	4   	-11246.35773	Yes        	4        	382.584    	0.217    	 0.30224   0.20840   0.18232   0.30704	-0.74986   0.10567   0.54018   0.10401  
      	     	          	           	          	           	             	                                      	 0.15326  -1.27316   0.19147   0.92844  
      	     	          	           	          	           	             	                                      	 0.89549   0.21886  -1.33361   0.21926  
      	     	          	           	          	           	             	                                      	 0.10238   0.63016   0.13019  -0.86273  
  #49	4   	-11393.05935	Yes        	4        	882.459    	0.124    	 0.30713   0.20772   0.17178   0.31337	-0.75184   0.13211   0.48883   0.13091  
      	     	          	           	          	           	             	                                      	 0.19532  -1.39431   0.24135   0.95764  
      	     	          	           	          	           	             	                                      	 0.87397   0.29185  -1.28242   0.11661  
      	     	          	           	          	           	             	                                      	 0.12830   0.63479   0.06392  -0.82702  
  #50	4   	-11367.34081	Yes        	4        	2.080    	0.204    	 0.30828   0.20450   0.17281   0.31441	-0.91663   0.16996   0.66742   0.07925  
      	     	          	           	          	           	             	                                      	 0.25621  -1.18739   0.16631   0.76488  
      	     	          	           	          	           	             	                                      	 1.19059   0.19680  -1.54362   0.15623  
      	     	          	           	          	           	             	                                      	 0.07771   0.49748   0.08587  -0.66106  
  #51	4   	-11321.00426	Yes        	4        	882.461    	0.133    	 0.30609   0.20763   0.17983   0.30645	-0.74866   0.18102   0.47009   0.09755  
      	     	          	           	          	           	             	                                      	 0.26686  -1.41585   0.20656   0.94243  
      	     	          	           	          	           	             	                                      	 0.80014   0.23849  -1.21811   0.17948  
      	     	          	           	          	           	             	                                      	 0.09743   0.63854   0.10532  -0.84130  
  #52	4   	-11294.84539	Yes        	4        	1.196    	0.201    	 0.30901   0.20612   0.17372   0.31116	-0.67425   0.07728   0.51306   0.08391  
      	     	          	           	          	           	             	                                      	 0.11586  -1.41602   0.23790   1.06225  
      	     	          	           	          	           	             	                                      	 0.91263   0.28227  -1.33115   0.13625  
      	     	          	           	          	           	             	                                      	 0.08333   0.70365   0.07607  -0.86305  
  #53	4   	-11304.21134	Yes        	4        	0.675    	0.196    	 0.29851   0.21041   0.17467   0.31642	-0.84403   0.13149   0.66041   0.05214  
      	     	          	           	          	           	             	                                      	 0.18654  -1.26518   0.20414   0.87450  
      	     	          	           	          	           	             	                                      	 1.12865   0.24592  -1.49534   0.12077  
      	     	          	           	          	           	             	                                      	 0.04919   0.58152   0.06666  -0.69737  
  #54	4   	-11374.52473	Yes        	4        	882.462    	0.117    	 0.30546   0.20981   0.17060   0.31412	-0.82644   0.16786   0.53751   0.12107  
      	     	          	           	          	           	             	                                      	 0.24438  -1.27096   0.18889   0.83769  
      	     	          	           	          	           	             	                                      	 0.96241   0.23230  -1.38324   0.18852  
      	     	          	           	          	           	             	                                      	 0.11773   0.55952   0.10239  -0.77965  
  #55	4   	-11442.82723	Yes        	4        	0.631    	0.196    	 0.30146   0.21380   0.17632   0.30842	-0.71589   0.12961   0.53354   0.05274  
      	     	          	           	          	           	             	                                      	 0.18276  -1.31617   0.25041   0.88300  
      	     	          	           	          	           	             	                                      	 0.91222   0.30364  -1.45328   0.23742  
      	     	          	           	          	           	             	                                      	 0.05155   0.61210   0.13573  -0.79939  
  #56	4   	-11353.73711	Yes        	4        	1.379    	0.202    	 0.30929   0.20420   0.16946   0.31704	-0.85158   0.16288   0.59393   0.09477  
      	     	          	           	          	           	             	                                      	 0.24671  -1.28171   0.16982   0.86518  
      	     	          	           	          	           	             	                                      	 1.08400   0.20464  -1.43772   0.14908  
      	     	          	           	          	           	             	                                      	 0.09245   0.55725   0.07968  -0.72938  
  #57	4   	-11369.90146	Yes        	4        	0.488    	0.194    	 0.31330   0.19922   0.17893   0.30855	-0.68450   0.13250   0.48144   0.07056  
      	     	          	           	          	           	             	                                      	 0.20837  -1.49282   0.25728   1.02718  
      	     	          	           	          	           	             	                                      	 0.84301   0.28645  -1.29523   0.16577  
      	     	          	           	          	           	             	                                      	 0.07164   0.66319   0.09613  -0.83097  
  #58	4   	-11275.47858	Yes        	4        	2.213    	0.205    	 0.29583   0.20821   0.18041   0.31555	-0.88546   0.15490   0.61247   0.11808  
      	     	          	           	          	           	             	                                      	 0.22009  -1.19209   0.17136   0.80064  
      	     	          	           	          	           	             	                                      	 1.00433   0.19776  -1.39984   0.19774  
      	     	          	           	          	           	             	                                      	 0.11070   0.52829   0.11305  -0.75204  
  #59	4   	-11336.29804	Yes        	4        	618.416    	0.169    	 0.30768   0.20923   0.17435   0.30874	-0.72448   0.13356   0.50914   0.08179  
      	     	          	           	          	           	             	                                      	 0.19640  -1.41163   0.24503   0.97020  
      	     	          	           	          	           	             	                                      	 0.89851   0.29406  -1.32347   0.13090  
      	     	          	           	          	           	             	                                      	 0.08151   0.65752   0.07392  -0.81294  
  #60	4   	-11520.86778	Yes        	4        	618.416    	0.197    	 0.29562   0.21365   0.18492   0.30581	-0.80124   0.19273   0.50668   0.10183  
      	     	          	           	          	           	             	                                      	 0.26667  -1.39561   0.21651   0.91243  
      	     	          	           	          	           	             	                                      	 0.81001   0.25016  -1.17879   0.11862  
      	     	          	           	          	           	             	                                      	 0.09844   0.63747   0.07173  -0.80764  
  #61	4   	-11344.91717	Yes        	4        	382.584    	0.201    	 0.31348   0.20830   0.17134   0.30688	-0.69355   0.11111   0.47248   0.10996  
      	     	          	           	          	           	             	                                      	 0.16721  -1.38012   0.32853   0.88437  
      	     	          	           	          	           	             	                                      	 0.86442   0.39939  -1.43857   0.17475  
      	     	          	           	          	           	             	                                      	 0.11232   0.60027   0.09757  -0.81017  
  #62	4   	-11353.75329	Yes        	4        	618.416    	0.175    	 0.30571   0.20421   0.17660   0.31348	-0.75882   0.14986   0.52861   0.08035  
      	     	          	           	          	           	             	                                      	 0.22435  -1.38113   0.20347   0.95331  
      	     	          	           	          	           	             	                                      	 0.91506   0.23528  -1.33038   0.18005  
      	     	          	           	          	           	             	                                      	 0.07836   0.62101   0.10143  -0.80080  
  #63	4   	-11342.42162	Yes        	4        	618.416    	0.174    	 0.29870   0.20314   0.17715   0.32101	-0.84072   0.15917   0.56371   0.11784  
      	     	          	           	          	           	             	                                      	 0.23404  -1.34448   0.24809   0.86234  
      	     	          	           	          	           	             	                                      	 0.95047   0.28448  -1.36649   0.13155  
      	     	          	           	          	           	             	                                      	 0.10965   0.54571   0.07260  -0.72796  
  #64	4   	-11394.77295	Yes        	4        	1.044    	0.200    	 0.31906   0.20031   0.17257   0.30806	-0.70719   0.08089   0.54608   0.08022  
      	     	          	           	          	           	             	                                      	 0.12884  -1.32545   0.24430   0.95231  
      	     	          	           	          	           	             	                                      	 1.00959   0.28356  -1.49411   0.20096  
      	     	          	           	          	           	             	                                      	 0.08308   0.61920   0.11257  -0.81486  
  #65	4   	-11288.50274	Yes        	4        	618.416    	0.172    	 0.30428   0.20733   0.17367   0.31472	-0.87530   0.14506   0.64268   0.08756  
      	     	          	           	          	           	             	                                      	 0.21289  -1.18419   0.25225   0.71905  
      	     	          	           	          	           	             	                                      	 1.12598   0.30113  -1.61300   0.18588  
      	     	          	           	          	           	             	                                      	 0.08466   0.47370   0.10258  -0.66094  
  #66	4   	-11308.67010	Yes        	4        	0.602    	0.195    	 0.31005   0.19659   0.17763   0.31573	-0.81938   0.09532   0.65109   0.07297  
      	     	          	           	          	           	             	                                      	 0.15033  -1.27370   0.26690   0.85647  
      	     	          	           	          	           	             	                                      	 1.13644   0.29538  -1.57320   0.14138  
      	     	          	           	          	           	             	                                      	 0.07166   0.53327   0.07954  -0.68447  
  #67	4   	-11391.15397	Yes        	4        	618.416    	0.167    	 0.30370   0.21619   0.17785   0.30225	-0.71851   0.12168   0.54525   0.05159  
      	     	          	           	          	           	             	                                      	 0.17093  -1.31528   0.21519   0.92915  
      	     	          	           	          	           	             	                                      	 0.93106   0.26158  -1.38599   0.19335  
      	     	          	           	          	           	             	                                      	 0.05183   0.66459   0.11377  -0.83020  
  #68	4   	-11422.65332	Yes        	4        	1.321    	0.202    	 0.30133   0.21358   0.17851   0.30658	-0.74028   0.11787   0.53560   0.08681  
      	     	          	           	          	           	             	                                      	 0.16630  -1.34872   0.16898   1.01343  
      	     	          	           	          	           	             	                                      	 0.90411   0.20217  -1.24293   0.13664  
      	     	          	           	          	           	             	                                      	 0.08532   0.70601   0.07956  -0.87090  
  #69	4   	-11231.23297	Yes        	4        	382.584    	0.203    	 0.30897   0.19750   0.17626   0.31726	-0.79138   0.18226   0.54452   0.06460  
      	     	          	           	          	           	             	                                      	 0.28513  -1.41148   0.30114   0.82521  
      	     	          	           	          	           	             	                                      	 0.95449   0.33743  -1.47927   0.18735  
      	     	          	           	          	           	             	                                      	 0.06292   0.51372   0.10409  -0.68073  
  #70	4   	-11342.83449	Yes        	4        	0.422    	0.192    	 0.30440   0.21163   0.17653   0.30744	-0.78561   0.17177   0.53185   0.08199  
      	     	          	           	          	           	             	                                      	 0.24706  -1.33468   0.21856   0.86906  
      	     	          	           	          	           	             	                                      	 0.91708   0.26201  -1.35294   0.17385  
      	     	          	           	          	           	             	                                      	 0.08118   0.59823   0.09982  -0.77923  
  #71	4   	-11354.05972	Yes        	4        	382.584    	0.202    	 0.30845   0.20672   0.17529   0.30954	-0.76975   0.18887   0.51554   0.06534  
      	     	          	           	          	           	             	                                      	 0.28183  -1.46307   0.15812   1.02312  
      	     	          	           	          	           	             	                                      	 0.90716   0.18647  -1.19851   0.10489  
      	     	          	           	          	           	             	                                      	 0.06511   0.68326   0.05940  -0.80777  
  #72	4   	-11233.83457	Yes        	4        	1.721    	0.203    	 0.30784   0.20435   0.17534   0.31247	-0.81811   0.10763   0.57004   0.14044  
      	     	          	           	          	           	             	                                      	 0.16214  -1.26630   0.24195   0.86222  
      	     	          	           	          	           	             	                                      	 1.00080   0.28198  -1.41119   0.12841  
      	     	          	           	          	           	             	                                      	 0.13836   0.56388   0.07206  -0.77430  
  #73	4   	-11427.39317	Yes        	4        	382.584    	0.201    	 0.30669   0.20703   0.18180   0.30448	-0.75703   0.14993   0.48038   0.12673  
      	     	          	           	          	           	             	                                      	 0.22210  -1.40576   0.21441   0.96924  
      	     	          	           	          	           	             	                                      	 0.81040   0.24418  -1.17983   0.12526  
      	     	          	           	          	           	             	                                      	 0.12764   0.65903   0.07479  -0.86146  
  #74	4   	-11320.31948	Yes        	4        	618.416    	0.199    	 0.30682   0.20983   0.17244   0.31092	-0.75440   0.14212   0.55055   0.06174  
      	     	          	           	          	           	             	                                      	 0.20780  -1.29236   0.26874   0.81582  
      	     	          	           	          	           	             	                                      	 0.97959   0.32702  -1.54416   0.23755  
      	     	          	           	          	           	             	                                      	 0.06093   0.55058   0.13175  -0.74326  
  #75	4   	-11424.77954	Yes        	4        	618.416    	0.165    	 0.30924   0.20142   0.17265   0.31668	-0.78304   0.13761   0.52314   0.12229  
      	     	          	           	          	           	             	                                      	 0.21128  -1.39805   0.17089   1.01588  
      	     	          	           	          	           	             	                                      	 0.93703   0.19938  -1.24530   0.10890  
      	     	          	           	          	           	             	                                      	 0.11942   0.64616   0.05937  -0.82494  
  #76	4   	-11509.50007	Yes        	4        	382.584    	0.202    	 0.30585   0.20579   0.18256   0.30579	-0.84232   0.15248   0.60793   0.08192  
      	     	          	           	          	           	             	                                      	 0.22662  -1.27957   0.28170   0.77125  
      	     	          	           	          	           	             	                                      	 1.01849   0.31755  -1.47673   0.14069  
      	     	          	           	          	           	             	                                      	 0.08193   0.51903   0.08399  -0.68495  
  #77	4   	-11433.65281	Yes        	4        	0.922    	0.200    	 0.30801   0.20431   0.18189   0.30579	-0.75208   0.12179   0.54476   0.08554  
      	     	          	           	          	           	             	                                      	 0.18361  -1.37828   0.30111   0.89355  
      	     	          	           	          	           	             	                                      	 0.92249   0.33822  -1.39413   0.13343  
      	     	          	           	          	           	             	                                      	 0.08616   0.59701   0.07937  -0.76254  
  #78	4   	-11372.14845	Yes        	4        	618.416    	0.158    	 0.30922   0.20917   0.17337   0.30823	-0.74302   0.20722   0.46117   0.07463  
      	     	          	           	          	           	             	                                      	 0.30633  -1.42887   0.21611   0.90643  
      	     	          	           	          	           	             	                                      	 0.82254   0.26075  -1.28769   0.20440  
      	     	          	           	          	           	             	                                      	 0.07487   0.61512   0.11497  -0.80495  
  #79	4   	-11385.64448	Yes        	4        	882.462    	0.125    	 0.30651   0.20382   0.18138   0.30829	-0.73205   0.13841   0.50276   0.09087  
      	     	          	           	          	           	             	                                      	 0.20814  -1.35316   0.19789   0.94713  
      	     	          	           	          	           	             	                                      	 0.84960   0.22237  -1.30486   0.23289  
      	     	          	           	          	           	             	                                      	 0.09035   0.62618   0.13702  -0.85355  
  #80	4   	-11375.10422	Yes        	4        	382.584    	0.203    	 0.30576   0.20457   0.18008   0.30958	-0.75089   0.12903   0.50913   0.11274  
      	     	          	           	          	           	             	                                      	 0.19285  -1.39122   0.27698   0.92139  
      	     	          	           	          	           	             	                                      	 0.86443   0.31464  -1.31930   0.14022  
      	     	          	           	          	           	             	                                      	 0.11135   0.60886   0.08157  -0.80178  
  #81	4   	-11361.60592	Yes        	4        	382.584    	0.200    	 0.29765   0.20679   0.17745   0.31811	-0.65883   0.14871   0.42576   0.08436  
      	     	          	           	          	           	             	                                      	 0.21405  -1.50459   0.28603   1.00450  
      	     	          	           	          	           	             	                                      	 0.71417   0.33332  -1.25618   0.20870  
      	     	          	           	          	           	             	                                      	 0.07893   0.65297   0.11642  -0.84832  
  #82	4   	-11353.15861	Yes        	4        	618.416    	0.171    	 0.30573   0.20746   0.17923   0.30758	-0.81301   0.15334   0.58401   0.07567  
      	     	          	           	          	           	             	                                      	 0.22597  -1.26844   0.21681   0.82565  
      	     	          	           	          	           	             	                                      	 0.99623   0.25097  -1.44341   0.19621  
      	     	          	           	          	           	             	                                      	 0.07521   0.55689   0.11433  -0.74643  
  #83	4   	-11325.74778	Yes        	4        	618.416    	0.167    	 0.29883   0.21017   0.17348   0.31752	-0.81964   0.13915   0.54990   0.13059  
      	     	          	           	          	           	             	                                      	 0.19785  -1.28300   0.23607   0.84909  
      	     	          	           	          	           	             	                                      	 0.94725   0.28601  -1.38888   0.15561  
      	     	          	           	          	           	             	                                      	 0.12290   0.56203   0.08502  -0.76995  
  #84	4   	-11201.33338	Yes        	4        	0.383    	0.191    	 0.31105   0.20215   0.16907   0.31772	-0.73823   0.12670   0.55138   0.06015  
      	     	          	           	          	           	             	                                      	 0.19495  -1.42330   0.25213   0.97622  
      	     	          	           	          	           	             	                                      	 1.01439   0.30146  -1.44631   0.13046  
      	     	          	           	          	           	             	                                      	 0.05889   0.62112   0.06942  -0.74944  
  #85	4   	-11329.86628	Yes        	4        	382.584    	0.202    	 0.29964   0.20472   0.17688   0.31875	-0.86138   0.10146   0.66745   0.09247  
      	     	          	           	          	           	             	                                      	 0.14851  -1.14671   0.21977   0.77843  
      	     	          	           	          	           	             	                                      	 1.13069   0.25437  -1.59727   0.21222  
      	     	          	           	          	           	             	                                      	 0.08692   0.49996   0.11776  -0.70464  
  #86	4   	-11321.36573	Yes        	4        	618.416    	0.168    	 0.30700   0.21298   0.17389   0.30614	-0.81659   0.18403   0.53038   0.10218  
      	     	          	           	          	           	             	                                      	 0.26527  -1.33363   0.17390   0.89446  
      	     	          	           	          	           	             	                                      	 0.93638   0.21299  -1.27460   0.12523  
      	     	          	           	          	           	             	                                      	 0.10247   0.62226   0.07113  -0.79586  
  #87	4   	-11250.64201	Yes        	4        	882.458    	0.135    	 0.30370   0.21178   0.17665   0.30788	-0.66777   0.06720   0.46409   0.13648  
      	     	          	           	          	           	             	                                      	 0.09637  -1.32876   0.27263   0.95976  
      	     	          	           	          	           	             	                                      	 0.79788   0.32685  -1.32969   0.20496  
      	     	          	           	          	           	             	                                      	 0.13463   0.66019   0.11760  -0.91241  
  #88	4   	-11344.90910	Yes        	4        	1.549    	0.203    	 0.30125   0.20557   0.17800   0.31518	-0.82136   0.12868   0.59021   0.10246  
      	     	          	           	          	           	             	                                      	 0.18857  -1.21636   0.23940   0.78838  
      	     	          	           	          	           	             	                                      	 0.99888   0.27649  -1.50729   0.23193  
      	     	          	           	          	           	             	                                      	 0.09793   0.51422   0.13098  -0.74313  
  #89	4   	-11363.14667	Yes        	4        	882.460    	0.124    	 0.29344   0.20706   0.17893   0.32056	-0.81684   0.13662   0.51126   0.16896  
      	     	          	           	          	           	             	                                      	 0.19361  -1.39670   0.25430   0.94879  
      	     	          	           	          	           	             	                                      	 0.83844   0.29427  -1.19526   0.06256  
      	     	          	           	          	           	             	                                      	 0.15467   0.61285   0.03492  -0.80244  
  #90	4   	-11344.36755	Yes        	4        	0.683    	0.197    	 0.31390   0.20883   0.17255   0.30472	-0.78222   0.10204   0.57664   0.10353  
      	     	          	           	          	           	             	                                      	 0.15338  -1.27551   0.23796   0.88416  
      	     	          	           	          	           	             	                                      	 1.04904   0.28801  -1.45366   0.11662  
      	     	          	           	          	           	             	                                      	 0.10665   0.60595   0.06604  -0.77864  
  #91	4   	-11354.34201	Yes        	4        	1.905    	0.204    	 0.31219   0.20107   0.16908   0.31766	-0.73213   0.17446   0.47355   0.08413  
      	     	          	           	          	           	             	                                      	 0.27087  -1.45091   0.26127   0.91877  
      	     	          	           	          	           	             	                                      	 0.87436   0.31070  -1.38713   0.20207  
      	     	          	           	          	           	             	                                      	 0.08268   0.58155   0.10755  -0.77179  
  #92	4   	-11437.18678	Yes        	4        	618.416    	0.159    	 0.29674   0.21091   0.18298   0.30937	-0.75148   0.17812   0.45127   0.12209  
      	     	          	           	          	           	             	                                      	 0.25060  -1.38012   0.20755   0.92197  
      	     	          	           	          	           	             	                                      	 0.73185   0.23924  -1.18299   0.21190  
      	     	          	           	          	           	             	                                      	 0.11711   0.62856   0.12533  -0.87100  
  #93	4   	-11419.72717	Yes        	4        	618.416    	0.199    	 0.30433   0.20061   0.18022   0.31485	-0.77465   0.16315   0.49434   0.11716  
      	     	          	           	          	           	             	                                      	 0.24750  -1.39762   0.26205   0.88807  
      	     	          	           	          	           	             	                                      	 0.83479   0.29170  -1.31254   0.18605  
      	     	          	           	          	           	             	                                      	 0.11324   0.56584   0.10649  -0.78558  
  #94	4   	-11461.24226	Yes        	4        	618.416    	0.197    	 0.29859   0.20734   0.17787   0.31620	-0.74751   0.10121   0.54533   0.10096  
      	     	          	           	          	           	             	                                      	 0.14576  -1.35523   0.22194   0.98754  
      	     	          	           	          	           	             	                                      	 0.91546   0.25872  -1.32051   0.14633  
      	     	          	           	          	           	             	                                      	 0.09534   0.64755   0.08231  -0.82520  
  #95	4   	-11285.72490	Yes        	4        	382.584    	0.201    	 0.30662   0.20700   0.16977   0.31661	-0.72257   0.11853   0.53473   0.06931  
      	     	          	           	          	           	             	                                      	 0.17557  -1.35748   0.21195   0.96996  
      	     	          	           	          	           	             	                                      	 0.96577   0.25844  -1.42322   0.19901  
      	     	          	           	          	           	             	                                      	 0.06712   0.63418   0.10671  -0.80801  
  #96	4   	-11168.38115	Yes        	4        	618.416    	0.197    	 0.30312   0.20305   0.17395   0.31988	-0.76733   0.16254   0.52552   0.07927  
      	     	          	           	          	           	             	                                      	 0.24265  -1.42546   0.17574   1.00706  
      	     	          	           	          	           	             	                                      	 0.91575   0.20514  -1.27750   0.15661  
      	     	          	           	          	           	             	                                      	 0.07512   0.63923   0.08517  -0.79952  
  #97	4   	-11330.26880	Yes        	4        	882.460    	0.126    	 0.31086   0.20584   0.17261   0.31069	-0.79885   0.17440   0.55791   0.06654  
      	     	          	           	          	           	             	                                      	 0.26338  -1.37188   0.16033   0.94817  
      	     	          	           	          	           	             	                                      	 1.00477   0.19120  -1.33207   0.13610  
      	     	          	           	          	           	             	                                      	 0.06657   0.62820   0.07561  -0.77038  
  #98	4   	-11403.20696	Yes        	4        	618.416    	0.200    	 0.30626   0.20452   0.17468   0.31454	-0.70134   0.10776   0.53080   0.06278  
      	     	          	           	          	           	             	                                      	 0.16138  -1.42728   0.22827   1.03763  
      	     	          	           	          	           	             	                                      	 0.93061   0.26725  -1.34848   0.15062  
      	     	          	           	          	           	             	                                      	 0.06113   0.67467   0.08365  -0.81945  
  #99	4   	-11537.30293	Yes        	4        	618.416    	0.198    	 0.31486   0.20712   0.17602   0.30200	-0.85958   0.12885   0.60319   0.12755  
      	     	          	           	          	           	             	                                      	 0.19587  -1.19634   0.17780   0.82267  
      	     	          	           	          	           	             	                                      	 1.07900   0.20923  -1.41395   0.12573  
      	     	          	           	          	           	             	                                      	 0.13298   0.56422   0.07328  -0.77047  
  #100	4   	-11408.75589	Yes        	4        	0.121    	0.281    	 0.30348   0.20034   0.18242   0.31375	-0.90602   0.45095   0.41062   0.04445  
      	     	          	           	          	           	             	                                      	 0.68310  -1.79993   0.41062   0.70621  
      	     	          	           	          	           	             	                                      	 0.68310   0.45095  -1.14112   0.00706  
      	     	          	           	          	           	             	                                      	 0.04300   0.45095   0.00411  -0.49806  
