. Sequence file : [Hominid_MMP20.phy]

. Model of nucleotides substitution : GTR

. Initial tree : [BioNJ]


. Data	Nb of 	Likelihood	Discrete   	Number of 	Gamma shape	Proportion of	Nucleotides frequencies               	Instantaneous rate matrix              	
  set	taxa	loglk     	gamma model	categories	parameter  	invariant    	f(A)      f(C)      f(G)      f(T)    	[A---------C---------G---------T------]	

  #1	4   	-80585.83000	Yes        	4        	1.901    	0.185    	 0.28633   0.19988   0.19485   0.31894	-0.82022   0.12936   0.57190   0.11897  
      	     	          	           	          	           	             	                                      	 0.18531  -1.28599   0.19799   0.90270  
      	     	          	           	          	           	             	                                      	 0.84040   0.20309  -1.27515   0.23166  
      	     	          	           	          	           	             	                                      	 0.10681   0.56573   0.14153  -0.81406  
  #2	4   	-80634.63088	Yes        	4        	4.242    	0.197    	 0.28428   0.19537   0.20106   0.31928	-0.84082   0.13657   0.59309   0.11116  
      	     	          	           	          	           	             	                                      	 0.19872  -1.29185   0.19042   0.90271  
      	     	          	           	          	           	             	                                      	 0.83855   0.18503  -1.25935   0.23577  
      	     	          	           	          	           	             	                                      	 0.09897   0.55238   0.14848  -0.79982  
  #3	4   	-80449.55422	Yes        	4        	1.180    	0.202    	 0.28222   0.19915   0.19991   0.31871	-0.82569   0.12876   0.57899   0.11795  
      	     	          	           	          	           	             	                                      	 0.18246  -1.29757   0.22445   0.89066  
      	     	          	           	          	           	             	                                      	 0.81736   0.22360  -1.26553   0.22458  
      	     	          	           	          	           	             	                                      	 0.10445   0.55654   0.14087  -0.80185  
  #4	4   	-80304.55313	Yes        	4        	1.126    	0.201    	 0.28329   0.19832   0.20055   0.31784	-0.79755   0.13266   0.54990   0.11499  
      	     	          	           	          	           	             	                                      	 0.18950  -1.34253   0.21037   0.94267  
      	     	          	           	          	           	             	                                      	 0.77675   0.20803  -1.21110   0.22631  
      	     	          	           	          	           	             	                                      	 0.10249   0.58821   0.14280  -0.83350  
  #5	4   	-80748.44896	Yes        	4        	1.275    	0.202    	 0.28312   0.19737   0.19806   0.32145	-0.79602   0.12979   0.56088   0.10535  
      	     	          	           	          	           	             	                                      	 0.18618  -1.35179   0.20837   0.95724  
      	     	          	           	          	           	             	                                      	 0.80174   0.20765  -1.23443   0.22505  
      	     	          	           	          	           	             	                                      	 0.09279   0.58775   0.13866  -0.81921  
  #6	4   	-80520.41535	Yes        	4        	1.488    	0.202    	 0.28379   0.19923   0.19868   0.31830	-0.79026   0.12117   0.57064   0.09844  
      	     	          	           	          	           	             	                                      	 0.17260  -1.30741   0.19828   0.93653  
      	     	          	           	          	           	             	                                      	 0.81509   0.19883  -1.26379   0.24987  
      	     	          	           	          	           	             	                                      	 0.08777   0.58619   0.15597  -0.82993  
  #7	4   	-80493.02558	Yes        	4        	1.163    	0.202    	 0.28332   0.20055   0.19808   0.31806	-0.84936   0.13908   0.58560   0.12468  
      	     	          	           	          	           	             	                                      	 0.19648  -1.29271   0.18443   0.91180  
      	     	          	           	          	           	             	                                      	 0.83759   0.18673  -1.22382   0.19950  
      	     	          	           	          	           	             	                                      	 0.11106   0.57492   0.12424  -0.81023  
  #8	4   	-81022.40589	Yes        	4        	1.315    	0.203    	 0.28358   0.19692   0.20002   0.31948	-0.83275   0.13320   0.56164   0.13791  
      	     	          	           	          	           	             	                                      	 0.19182  -1.29845   0.19609   0.91054  
      	     	          	           	          	           	             	                                      	 0.79625   0.19305  -1.21895   0.22965  
      	     	          	           	          	           	             	                                      	 0.12241   0.56123   0.14378  -0.82742  
  #9	4   	-80338.10641	Yes        	4        	0.690    	0.200    	 0.28256   0.19611   0.20008   0.32125	-0.82736   0.13137   0.58366   0.11234  
      	     	          	           	          	           	             	                                      	 0.18927  -1.30436   0.21542   0.89967  
      	     	          	           	          	           	             	                                      	 0.82426   0.21115  -1.27303   0.23762  
      	     	          	           	          	           	             	                                      	 0.09880   0.54921   0.14799  -0.79600  
  #10	4   	-80476.09651	Yes        	4        	0.843    	0.199    	 0.28276   0.19661   0.20044   0.32018	-0.84770   0.12508   0.60700   0.11562  
      	     	          	           	          	           	             	                                      	 0.17988  -1.28992   0.19870   0.91134  
      	     	          	           	          	           	             	                                      	 0.85629   0.19490  -1.26100   0.20980  
      	     	          	           	          	           	             	                                      	 0.10211   0.55963   0.13134  -0.79308  
  #11	4   	-80278.76062	Yes        	4        	1.574    	0.204    	 0.28256   0.19663   0.19663   0.32418	-0.81111   0.13227   0.54956   0.12929  
      	     	          	           	          	           	             	                                      	 0.19007  -1.34682   0.20916   0.94759  
      	     	          	           	          	           	             	                                      	 0.78970   0.20915  -1.21938   0.22052  
      	     	          	           	          	           	             	                                      	 0.11269   0.57475   0.13376  -0.82121  
  #12	4   	-80303.55070	Yes        	4        	1.020    	0.200    	 0.28093   0.20233   0.19712   0.31962	-0.81507   0.12975   0.56898   0.11634  
      	     	          	           	          	           	             	                                      	 0.18015  -1.32429   0.21537   0.92876  
      	     	          	           	          	           	             	                                      	 0.81089   0.22106  -1.23250   0.20054  
      	     	          	           	          	           	             	                                      	 0.10226   0.58793   0.12368  -0.81387  
  #13	4   	-80393.44801	Yes        	4        	1.131    	0.201    	 0.28089   0.19901   0.19665   0.32345	-0.82777   0.12648   0.57598   0.12531  
      	     	          	           	          	           	             	                                      	 0.17851  -1.29241   0.18530   0.92859  
      	     	          	           	          	           	             	                                      	 0.82274   0.18753  -1.24321   0.23294  
      	     	          	           	          	           	             	                                      	 0.10882   0.57135   0.14162  -0.82179  
  #14	4   	-80657.44934	Yes        	4        	0.784    	0.200    	 0.28463   0.19691   0.19794   0.32052	-0.79872   0.11563   0.57392   0.10917  
      	     	          	           	          	           	             	                                      	 0.16713  -1.29994   0.18289   0.94992  
      	     	          	           	          	           	             	                                      	 0.82529   0.18194  -1.25780   0.25057  
      	     	          	           	          	           	             	                                      	 0.09694   0.58359   0.15474  -0.83527  
  #15	4   	-81060.20780	Yes        	4        	0.930    	0.199    	 0.28294   0.19806   0.19932   0.31969	-0.80579   0.13932   0.54286   0.12361  
      	     	          	           	          	           	             	                                      	 0.19903  -1.33763   0.19445   0.94415  
      	     	          	           	          	           	             	                                      	 0.77059   0.19322  -1.19713   0.23332  
      	     	          	           	          	           	             	                                      	 0.10940   0.58493   0.14547  -0.83980  
  #16	4   	-80220.31702	Yes        	4        	1.118    	0.201    	 0.28492   0.19409   0.19925   0.32174	-0.82534   0.14272   0.56970   0.11293  
      	     	          	           	          	           	             	                                      	 0.20950  -1.37821   0.22580   0.94290  
      	     	          	           	          	           	             	                                      	 0.81464   0.21996  -1.22536   0.19076  
      	     	          	           	          	           	             	                                      	 0.10000   0.56881   0.11813  -0.78695  
  #17	4   	-80118.32355	Yes        	4        	1.305    	0.203    	 0.28200   0.19936   0.19653   0.32211	-0.82394   0.13064   0.58074   0.11256  
      	     	          	           	          	           	             	                                      	 0.18478  -1.32515   0.19445   0.94591  
      	     	          	           	          	           	             	                                      	 0.83328   0.19725  -1.23563   0.20509  
      	     	          	           	          	           	             	                                      	 0.09854   0.58545   0.12513  -0.80913  
  #18	4   	-80303.09359	Yes        	4        	1.491    	0.204    	 0.28637   0.19595   0.19766   0.32002	-0.81119   0.13347   0.57179   0.10593  
      	     	          	           	          	           	             	                                      	 0.19506  -1.32569   0.19065   0.93999  
      	     	          	           	          	           	             	                                      	 0.82842   0.18900  -1.25089   0.23348  
      	     	          	           	          	           	             	                                      	 0.09479   0.57557   0.14421  -0.81457  
  #19	4   	-80653.06997	Yes        	4        	0.885    	0.200    	 0.27949   0.19849   0.19846   0.32356	-0.79770   0.12533   0.53761   0.13476  
      	     	          	           	          	           	             	                                      	 0.17647  -1.35420   0.23507   0.94265  
      	     	          	           	          	           	             	                                      	 0.75709   0.23510  -1.21030   0.21810  
      	     	          	           	          	           	             	                                      	 0.11640   0.57829   0.13378  -0.82847  
  #20	4   	-81009.08552	Yes        	4        	0.525    	0.179    	 0.28227   0.19793   0.19980   0.32001	-0.82319   0.12847   0.58128   0.11344  
      	     	          	           	          	           	             	                                      	 0.18321  -1.33669   0.23353   0.91996  
      	     	          	           	          	           	             	                                      	 0.82121   0.23134  -1.24942   0.19687  
      	     	          	           	          	           	             	                                      	 0.10006   0.56900   0.12292  -0.79198  
  #21	4   	-81177.43822	Yes        	4        	0.852    	0.199    	 0.28799   0.20003   0.19692   0.31506	-0.84758   0.12812   0.58659   0.13288  
      	     	          	           	          	           	             	                                      	 0.18446  -1.25499   0.18012   0.89041  
      	     	          	           	          	           	             	                                      	 0.85789   0.18297  -1.25293   0.21207  
      	     	          	           	          	           	             	                                      	 0.12146   0.56533   0.13255  -0.81934  
  #22	4   	-80568.74780	Yes        	4        	1.452    	0.201    	 0.28739   0.19613   0.19936   0.31711	-0.82137   0.11549   0.58835   0.11753  
      	     	          	           	          	           	             	                                      	 0.16923  -1.29915   0.17918   0.95074  
      	     	          	           	          	           	             	                                      	 0.84814   0.17628  -1.23675   0.21233  
      	     	          	           	          	           	             	                                      	 0.10651   0.58803   0.13348  -0.82803  
  #23	4   	-81215.44924	Yes        	4        	1.321    	0.203    	 0.28495   0.19699   0.19860   0.31947	-0.84271   0.13788   0.58503   0.11980  
      	     	          	           	          	           	             	                                      	 0.19944  -1.30194   0.17641   0.92609  
      	     	          	           	          	           	             	                                      	 0.83941   0.17498  -1.22936   0.21497  
      	     	          	           	          	           	             	                                      	 0.10685   0.57104   0.13363  -0.81153  
  #24	4   	-81268.12859	Yes        	4        	2.048    	0.186    	 0.28188   0.20200   0.19946   0.31666	-0.79934   0.13149   0.54926   0.11859  
      	     	          	           	          	           	             	                                      	 0.18349  -1.31189   0.20943   0.91897  
      	     	          	           	          	           	             	                                      	 0.77624   0.21209  -1.22271   0.23438  
      	     	          	           	          	           	             	                                      	 0.10557   0.58620   0.14763  -0.83939  
  #25	4   	-80132.24518	Yes        	4        	0.997    	0.200    	 0.28219   0.19692   0.19878   0.32212	-0.78838   0.10622   0.56879   0.11337  
      	     	          	           	          	           	             	                                      	 0.15222  -1.31823   0.22798   0.93803  
      	     	          	           	          	           	             	                                      	 0.80746   0.22585  -1.27440   0.24109  
      	     	          	           	          	           	             	                                      	 0.09932   0.57343   0.14878  -0.82152  
  #26	4   	-80770.91484	Yes        	4        	1.824    	0.185    	 0.28498   0.19858   0.20023   0.31621	-0.79101   0.13312   0.54642   0.11147  
      	     	          	           	          	           	             	                                      	 0.19104  -1.35635   0.19540   0.96990  
      	     	          	           	          	           	             	                                      	 0.77771   0.19380  -1.18709   0.21558  
      	     	          	           	          	           	             	                                      	 0.10046   0.60912   0.13651  -0.84609  
  #27	4   	-80581.40853	Yes        	4        	1.183    	0.202    	 0.28231   0.20117   0.19667   0.31985	-0.82789   0.12750   0.58416   0.11624  
      	     	          	           	          	           	             	                                      	 0.17892  -1.29323   0.21108   0.90323  
      	     	          	           	          	           	             	                                      	 0.83855   0.21591  -1.26857   0.21411  
      	     	          	           	          	           	             	                                      	 0.10260   0.56809   0.13165  -0.80234  
  #28	4   	-80792.32204	Yes        	4        	1.525    	0.204    	 0.27976   0.19912   0.19857   0.32254	-0.81740   0.12785   0.57407   0.11548  
      	     	          	           	          	           	             	                                      	 0.17962  -1.29819   0.20735   0.91122  
      	     	          	           	          	           	             	                                      	 0.80877   0.20793  -1.26139   0.24470  
      	     	          	           	          	           	             	                                      	 0.10017   0.56255   0.15065  -0.81336  
  #29	4   	-80486.14804	Yes        	4        	2.147    	0.186    	 0.28366   0.19856   0.19962   0.31816	-0.80948   0.11963   0.57198   0.11787  
      	     	          	           	          	           	             	                                      	 0.17091  -1.31423   0.20464   0.93868  
      	     	          	           	          	           	             	                                      	 0.81276   0.20355  -1.23359   0.21727  
      	     	          	           	          	           	             	                                      	 0.10508   0.58580   0.13632  -0.82720  
  #30	4   	-81178.29694	Yes        	4        	2.726    	0.195    	 0.28555   0.19523   0.19964   0.31958	-0.80800   0.12386   0.56353   0.12061  
      	     	          	           	          	           	             	                                      	 0.18116  -1.33777   0.23289   0.92372  
      	     	          	           	          	           	             	                                      	 0.80601   0.22773  -1.25151   0.21777  
      	     	          	           	          	           	             	                                      	 0.10777   0.56429   0.13604  -0.80810  
  #31	4   	-80522.37421	Yes        	4        	1.028    	0.200    	 0.28504   0.20045   0.19845   0.31605	-0.82259   0.12035   0.57308   0.12916  
      	     	          	           	          	           	             	                                      	 0.17113  -1.28062   0.18764   0.92184  
      	     	          	           	          	           	             	                                      	 0.82314   0.18953  -1.22998   0.21731  
      	     	          	           	          	           	             	                                      	 0.11649   0.58467   0.13645  -0.83762  
  #32	4   	-80379.75691	Yes        	4        	1.001    	0.200    	 0.28554   0.19541   0.19698   0.32206	-0.81689   0.13251   0.56503   0.11935  
      	     	          	           	          	           	             	                                      	 0.19363  -1.35552   0.20293   0.95897  
      	     	          	           	          	           	             	                                      	 0.81904   0.20131  -1.22186   0.20151  
      	     	          	           	          	           	             	                                      	 0.10582   0.58186   0.12325  -0.81093  
  #33	4   	-80505.48555	Yes        	4        	1.050    	0.200    	 0.28211   0.19680   0.20189   0.31920	-0.82629   0.13016   0.57586   0.12027  
      	     	          	           	          	           	             	                                      	 0.18657  -1.31919   0.22886   0.90376  
      	     	          	           	          	           	             	                                      	 0.80466   0.22309  -1.24565   0.21791  
      	     	          	           	          	           	             	                                      	 0.10630   0.55722   0.13783  -0.80135  
  #34	4   	-80594.48417	Yes        	4        	0.877    	0.199    	 0.28310   0.19821   0.19870   0.32000	-0.77145   0.12370   0.54082   0.10694  
      	     	          	           	          	           	             	                                      	 0.17667  -1.35061   0.22989   0.94405  
      	     	          	           	          	           	             	                                      	 0.77055   0.22933  -1.24606   0.24618  
      	     	          	           	          	           	             	                                      	 0.09460   0.58476   0.15286  -0.83223  
  #35	4   	-80622.20648	Yes        	4        	0.888    	0.200    	 0.28276   0.19798   0.19769   0.32157	-0.83888   0.13479   0.58389   0.12020  
      	     	          	           	          	           	             	                                      	 0.19251  -1.29743   0.17970   0.92522  
      	     	          	           	          	           	             	                                      	 0.83512   0.17996  -1.23790   0.22282  
      	     	          	           	          	           	             	                                      	 0.10570   0.56962   0.13698  -0.81230  
  #36	4   	-80742.58227	Yes        	4        	0.984    	0.200    	 0.28373   0.19660   0.19894   0.32073	-0.78041   0.10984   0.56200   0.10857  
      	     	          	           	          	           	             	                                      	 0.15851  -1.33074   0.21797   0.95426  
      	     	          	           	          	           	             	                                      	 0.80156   0.21541  -1.25879   0.24182  
      	     	          	           	          	           	             	                                      	 0.09605   0.58496   0.14999  -0.83100  
  #37	4   	-80298.91550	Yes        	4        	1.808    	0.203    	 0.28143   0.20216   0.19526   0.32115	-0.84237   0.12202   0.59458   0.12577  
      	     	          	           	          	           	             	                                      	 0.16988  -1.27477   0.22169   0.88321  
      	     	          	           	          	           	             	                                      	 0.85696   0.22951  -1.28912   0.20264  
      	     	          	           	          	           	             	                                      	 0.11022   0.55596   0.12321  -0.78939  
  #38	4   	-80410.06267	Yes        	4        	0.607    	0.180    	 0.28708   0.19862   0.19824   0.31606	-0.81139   0.11720   0.56063   0.13356  
      	     	          	           	          	           	             	                                      	 0.16940  -1.30178   0.18524   0.94714  
      	     	          	           	          	           	             	                                      	 0.81186   0.18559  -1.21011   0.21265  
      	     	          	           	          	           	             	                                      	 0.12131   0.59519   0.13338  -0.84989  
  #39	4   	-80573.51354	Yes        	4        	1.445    	0.203    	 0.28436   0.19981   0.19487   0.32097	-0.83752   0.12779   0.58432   0.12541  
      	     	          	           	          	           	             	                                      	 0.18186  -1.28285   0.19108   0.90992  
      	     	          	           	          	           	             	                                      	 0.85266   0.19593  -1.26338   0.21479  
      	     	          	           	          	           	             	                                      	 0.11111   0.56645   0.13040  -0.80796  
  #40	4   	-80701.56005	Yes        	4        	0.749    	0.199    	 0.28176   0.20205   0.19786   0.31833	-0.81644   0.14500   0.56318   0.10825  
      	     	          	           	          	           	             	                                      	 0.20221  -1.33722   0.20245   0.93256  
      	     	          	           	          	           	             	                                      	 0.80201   0.20674  -1.21412   0.20537  
      	     	          	           	          	           	             	                                      	 0.09581   0.59190   0.12765  -0.81536  
  #41	4   	-80784.42437	Yes        	4        	0.783    	0.200    	 0.27979   0.20184   0.19929   0.31908	-0.81025   0.13205   0.57523   0.10296  
      	     	          	           	          	           	             	                                      	 0.18305  -1.29910   0.18771   0.92834  
      	     	          	           	          	           	             	                                      	 0.80758   0.19012  -1.23875   0.24106  
      	     	          	           	          	           	             	                                      	 0.09028   0.58723   0.15056  -0.82807  
  #42	4   	-79994.34356	Yes        	4        	1.699    	0.202    	 0.28437   0.19853   0.19454   0.32255	-0.81453   0.13957   0.56756   0.10740  
      	     	          	           	          	           	             	                                      	 0.19992  -1.34116   0.20265   0.93860  
      	     	          	           	          	           	             	                                      	 0.82966   0.20681  -1.25130   0.21483  
      	     	          	           	          	           	             	                                      	 0.09469   0.57771   0.12957  -0.80197  
  #43	4   	-80751.54103	Yes        	4        	1.050    	0.200    	 0.28441   0.19829   0.19808   0.31923	-0.81078   0.14644   0.56454   0.09980  
      	     	          	           	          	           	             	                                      	 0.21005  -1.34954   0.19324   0.94625  
      	     	          	           	          	           	             	                                      	 0.81057   0.19344  -1.22342   0.21942  
      	     	          	           	          	           	             	                                      	 0.08891   0.58776   0.13615  -0.81283  
  #44	4   	-80919.62411	Yes        	4        	1.875    	0.203    	 0.28383   0.19693   0.20076   0.31848	-0.81503   0.13181   0.54902   0.13420  
      	     	          	           	          	           	             	                                      	 0.18997  -1.31019   0.20768   0.91254  
      	     	          	           	          	           	             	                                      	 0.77618   0.20372  -1.21932   0.23942  
      	     	          	           	          	           	             	                                      	 0.11960   0.56427   0.15092  -0.83479  
  #45	4   	-80612.56889	Yes        	4        	2.011    	0.186    	 0.28308   0.19967   0.19658   0.32068	-0.78565   0.13262   0.53001   0.12302  
      	     	          	           	          	           	             	                                      	 0.18802  -1.35287   0.21163   0.95322  
      	     	          	           	          	           	             	                                      	 0.76324   0.21496  -1.20721   0.22900  
      	     	          	           	          	           	             	                                      	 0.10860   0.59351   0.14038  -0.84249  
  #46	4   	-80878.91177	Yes        	4        	1.389    	0.203    	 0.28312   0.19959   0.20273   0.31456	-0.81681   0.13606   0.56846   0.11229  
      	     	          	           	          	           	             	                                      	 0.19300  -1.31718   0.18770   0.93648  
      	     	          	           	          	           	             	                                      	 0.79389   0.18480  -1.19753   0.21885  
      	     	          	           	          	           	             	                                      	 0.10107   0.59421   0.14105  -0.83632  
  #47	4   	-80699.87292	Yes        	4        	0.654    	0.180    	 0.28316   0.19909   0.19703   0.32073	-0.77273   0.11196   0.56054   0.10023  
      	     	          	           	          	           	             	                                      	 0.15924  -1.34474   0.19783   0.98767  
      	     	          	           	          	           	             	                                      	 0.80557   0.19991  -1.23476   0.22928  
      	     	          	           	          	           	             	                                      	 0.08849   0.61309   0.14085  -0.84243  
  #48	4   	-80821.66294	Yes        	4        	2.007    	0.204    	 0.28307   0.19777   0.19996   0.31920	-0.81203   0.13815   0.55051   0.12338  
      	     	          	           	          	           	             	                                      	 0.19773  -1.30857   0.20227   0.90857  
      	     	          	           	          	           	             	                                      	 0.77933   0.20006  -1.23167   0.25229  
      	     	          	           	          	           	             	                                      	 0.10941   0.56293   0.15804  -0.83038  
  #49	4   	-80878.98903	Yes        	4        	1.024    	0.199    	 0.28415   0.19591   0.19669   0.32325	-0.82868   0.11010   0.58248   0.13610  
      	     	          	           	          	           	             	                                      	 0.15969  -1.29211   0.21357   0.91885  
      	     	          	           	          	           	             	                                      	 0.84148   0.21272  -1.27119   0.21699  
      	     	          	           	          	           	             	                                      	 0.11963   0.55688   0.13203  -0.80854  
  #50	4   	-80795.69344	Yes        	4        	1.918    	0.204    	 0.28298   0.19874   0.19800   0.32028	-0.82040   0.12023   0.59177   0.10840  
      	     	          	           	          	           	             	                                      	 0.17119  -1.27295   0.22636   0.87539  
      	     	          	           	          	           	             	                                      	 0.84577   0.22722  -1.31985   0.24686  
      	     	          	           	          	           	             	                                      	 0.09577   0.54320   0.15261  -0.79158  
  #51	4   	-80488.44521	Yes        	4        	1.531    	0.202    	 0.28781   0.19787   0.19419   0.32014	-0.77574   0.13127   0.53762   0.10685  
      	     	          	           	          	           	             	                                      	 0.19094  -1.36268   0.20626   0.96548  
      	     	          	           	          	           	             	                                      	 0.79682   0.21016  -1.23814   0.23116  
      	     	          	           	          	           	             	                                      	 0.09606   0.59673   0.14022  -0.83301  
  #52	4   	-80855.65057	Yes        	4        	1.910    	0.203    	 0.28326   0.20042   0.19788   0.31844	-0.82820   0.13035   0.56711   0.13074  
      	     	          	           	          	           	             	                                      	 0.18423  -1.29090   0.20393   0.90274  
      	     	          	           	          	           	             	                                      	 0.81181   0.20655  -1.23870   0.22034  
      	     	          	           	          	           	             	                                      	 0.11630   0.56818   0.13692  -0.82140  
  #53	4   	-80817.33190	Yes        	4        	1.192    	0.202    	 0.28224   0.19642   0.19874   0.32260	-0.81827   0.11907   0.58330   0.11590  
      	     	          	           	          	           	             	                                      	 0.17109  -1.31790   0.19983   0.94698  
      	     	          	           	          	           	             	                                      	 0.82840   0.19750  -1.24623   0.22033  
      	     	          	           	          	           	             	                                      	 0.10140   0.57660   0.13574  -0.81374  
  #54	4   	-80986.35471	Yes        	4        	1.252    	0.202    	 0.28657   0.19691   0.19731   0.31922	-0.80613   0.13518   0.56104   0.10991  
      	     	          	           	          	           	             	                                      	 0.19674  -1.33608   0.20178   0.93757  
      	     	          	           	          	           	             	                                      	 0.81483   0.20137  -1.24247   0.22627  
      	     	          	           	          	           	             	                                      	 0.09867   0.57833   0.13986  -0.81686  
  #55	4   	-80862.10457	Yes        	4        	1.882    	0.203    	 0.28530   0.20024   0.19800   0.31646	-0.82163   0.12257   0.56334   0.13572  
      	     	          	           	          	           	             	                                      	 0.17463  -1.27600   0.20035   0.90102  
      	     	          	           	          	           	             	                                      	 0.81169   0.20262  -1.24184   0.22753  
      	     	          	           	          	           	             	                                      	 0.12236   0.57012   0.14236  -0.83484  
  #56	4   	-80454.97242	Yes        	4        	0.858    	0.200    	 0.28702   0.19649   0.19266   0.32383	-0.81619   0.13840   0.53874   0.13905  
      	     	          	           	          	           	             	                                      	 0.20217  -1.35279   0.21656   0.93406  
      	     	          	           	          	           	             	                                      	 0.80260   0.22086  -1.22926   0.20580  
      	     	          	           	          	           	             	                                      	 0.12324   0.56677   0.12244  -0.81245  
  #57	4   	-80499.45256	Yes        	4        	0.815    	0.200    	 0.28407   0.19821   0.19942   0.31829	-0.83103   0.14239   0.56630   0.12234  
      	     	          	           	          	           	             	                                      	 0.20407  -1.31048   0.18189   0.92451  
      	     	          	           	          	           	             	                                      	 0.80667   0.18079  -1.21121   0.22375  
      	     	          	           	          	           	             	                                      	 0.10919   0.57574   0.14019  -0.82512  
  #58	4   	-80377.98609	Yes        	4        	1.587    	0.204    	 0.28601   0.19905   0.19739   0.31755	-0.81535   0.13814   0.55689   0.12032  
      	     	          	           	          	           	             	                                      	 0.19850  -1.31899   0.22108   0.89941  
      	     	          	           	          	           	             	                                      	 0.80689   0.22294  -1.25159   0.22176  
      	     	          	           	          	           	             	                                      	 0.10836   0.56377   0.13784  -0.80997  
  #59	4   	-80529.32890	Yes        	4        	1.601    	0.202    	 0.28471   0.19776   0.19962   0.31791	-0.80878   0.11414   0.59339   0.10125  
      	     	          	           	          	           	             	                                      	 0.16432  -1.29745   0.21334   0.91979  
      	     	          	           	          	           	             	                                      	 0.84631   0.21134  -1.28633   0.22868  
      	     	          	           	          	           	             	                                      	 0.09068   0.57216   0.14360  -0.80643  
  #60	4   	-80547.93432	Yes        	4        	1.164    	0.202    	 0.27952   0.19908   0.19913   0.32227	-0.82294   0.15483   0.55758   0.11053  
      	     	          	           	          	           	             	                                      	 0.21739  -1.35128   0.20933   0.92456  
      	     	          	           	          	           	             	                                      	 0.78268   0.20929  -1.21410   0.22213  
      	     	          	           	          	           	             	                                      	 0.09586   0.57115   0.13725  -0.80427  
  #61	4   	-80569.53154	Yes        	4        	1.748    	0.185    	 0.28536   0.19959   0.19701   0.31805	-0.77664   0.15010   0.52146   0.10508  
      	     	          	           	          	           	             	                                      	 0.21461  -1.38912   0.20366   0.97084  
      	     	          	           	          	           	             	                                      	 0.75532   0.20633  -1.18481   0.22316  
      	     	          	           	          	           	             	                                      	 0.09428   0.60924   0.13823  -0.84175  
  #62	4   	-80409.77223	Yes        	4        	1.053    	0.200    	 0.28719   0.19766   0.19797   0.31718	-0.79082   0.11775   0.55951   0.11356  
      	     	          	           	          	           	             	                                      	 0.17109  -1.33601   0.19490   0.97001  
      	     	          	           	          	           	             	                                      	 0.81168   0.19460  -1.22161   0.21534  
      	     	          	           	          	           	             	                                      	 0.10283   0.60447   0.13440  -0.84170  
  #63	4   	-80562.28383	Yes        	4        	0.710    	0.200    	 0.28469   0.19821   0.19868   0.31842	-0.83283   0.13617   0.57794   0.11872  
      	     	          	           	          	           	             	                                      	 0.19558  -1.31515   0.18561   0.93396  
      	     	          	           	          	           	             	                                      	 0.82812   0.18517  -1.21961   0.20632  
      	     	          	           	          	           	             	                                      	 0.10615   0.58137   0.12874  -0.81626  
  #64	4   	-80528.18559	Yes        	4        	0.688    	0.198    	 0.28115   0.19831   0.19775   0.32279	-0.79005   0.10598   0.56269   0.12138  
      	     	          	           	          	           	             	                                      	 0.15025  -1.30818   0.16905   0.98888  
      	     	          	           	          	           	             	                                      	 0.79999   0.16953  -1.21352   0.24400  
      	     	          	           	          	           	             	                                      	 0.10572   0.60753   0.14948  -0.86272  
  #65	4   	-80451.68550	Yes        	4        	0.928    	0.199    	 0.28353   0.19764   0.20083   0.31801	-0.80944   0.12534   0.57826   0.10584  
      	     	          	           	          	           	             	                                      	 0.17980  -1.31770   0.19540   0.94249  
      	     	          	           	          	           	             	                                      	 0.81639   0.19230  -1.23580   0.22710  
      	     	          	           	          	           	             	                                      	 0.09436   0.58576   0.14342  -0.82354  
  #66	4   	-80991.78369	Yes        	4        	1.846    	0.186    	 0.28516   0.19543   0.19779   0.32162	-0.79891   0.12081   0.55845   0.11965  
      	     	          	           	          	           	             	                                      	 0.17628  -1.32960   0.20736   0.94596  
      	     	          	           	          	           	             	                                      	 0.80514   0.20489  -1.24658   0.23656  
      	     	          	           	          	           	             	                                      	 0.10609   0.57480   0.14548  -0.82637  
  #67	4   	-80492.84080	Yes        	4        	1.046    	0.200    	 0.28404   0.19838   0.19827   0.31931	-0.82980   0.13795   0.59132   0.10054  
      	     	          	           	          	           	             	                                      	 0.19752  -1.31232   0.18631   0.92850  
      	     	          	           	          	           	             	                                      	 0.84711   0.18640  -1.25116   0.21765  
      	     	          	           	          	           	             	                                      	 0.08943   0.57683   0.13515  -0.80141  
  #68	4   	-80559.33858	Yes        	4        	0.919    	0.200    	 0.28365   0.19885   0.19973   0.31777	-0.83755   0.13047   0.57583   0.13125  
      	     	          	           	          	           	             	                                      	 0.18611  -1.30744   0.19611   0.92523  
      	     	          	           	          	           	             	                                      	 0.81776   0.19525  -1.21052   0.19751  
      	     	          	           	          	           	             	                                      	 0.11716   0.57899   0.12414  -0.82029  
  #69	4   	-80837.36438	Yes        	4        	1.698    	0.203    	 0.28295   0.19720   0.20021   0.31964	-0.83149   0.13993   0.57704   0.11451  
      	     	          	           	          	           	             	                                      	 0.20079  -1.33066   0.18138   0.94850  
      	     	          	           	          	           	             	                                      	 0.81551   0.17864  -1.20353   0.20938  
      	     	          	           	          	           	             	                                      	 0.10137   0.58516   0.13115  -0.81768  
  #70	4   	-80699.32419	Yes        	4        	1.836    	0.203    	 0.28675   0.19509   0.20006   0.31810	-0.79803   0.13663   0.53094   0.13046  
      	     	          	           	          	           	             	                                      	 0.20083  -1.36859   0.21776   0.95001  
      	     	          	           	          	           	             	                                      	 0.76100   0.21234  -1.18999   0.21665  
      	     	          	           	          	           	             	                                      	 0.11760   0.58265   0.13626  -0.83651  
  #71	4   	-80339.08217	Yes        	4        	1.459    	0.203    	 0.28426   0.19613   0.19869   0.32092	-0.78862   0.11228   0.56040   0.11594  
      	     	          	           	          	           	             	                                      	 0.16273  -1.31294   0.22480   0.92540  
      	     	          	           	          	           	             	                                      	 0.80175   0.22190  -1.27648   0.25284  
      	     	          	           	          	           	             	                                      	 0.10270   0.56556   0.15654  -0.82480  
  #72	4   	-80626.49487	Yes        	4        	1.361    	0.203    	 0.28631   0.19595   0.19906   0.31867	-0.81594   0.14284   0.54877   0.12433  
      	     	          	           	          	           	             	                                      	 0.20870  -1.34766   0.21536   0.92360  
      	     	          	           	          	           	             	                                      	 0.78932   0.21200  -1.21835   0.21704  
      	     	          	           	          	           	             	                                      	 0.11170   0.56793   0.13557  -0.81520  
  #73	4   	-80042.23755	Yes        	4        	0.886    	0.200    	 0.28523   0.19626   0.19697   0.32155	-0.83326   0.13630   0.57541   0.12155  
      	     	          	           	          	           	             	                                      	 0.19809  -1.29478   0.20883   0.88786  
      	     	          	           	          	           	             	                                      	 0.83326   0.20808  -1.28044   0.23911  
      	     	          	           	          	           	             	                                      	 0.10782   0.54191   0.14647  -0.79620  
  #74	4   	-80868.54394	Yes        	4        	2.771    	0.195    	 0.28688   0.19834   0.19842   0.31635	-0.79436   0.13111   0.54124   0.12201  
      	     	          	           	          	           	             	                                      	 0.18963  -1.33128   0.19580   0.94585  
      	     	          	           	          	           	             	                                      	 0.78253   0.19572  -1.20844   0.23020  
      	     	          	           	          	           	             	                                      	 0.11065   0.59301   0.14438  -0.84805  
  #75	4   	-80857.41080	Yes        	4        	1.661    	0.203    	 0.28597   0.19787   0.19772   0.31844	-0.80661   0.14052   0.55127   0.11483  
      	     	          	           	          	           	             	                                      	 0.20308  -1.32582   0.20721   0.91553  
      	     	          	           	          	           	             	                                      	 0.79733   0.20738  -1.24330   0.23860  
      	     	          	           	          	           	             	                                      	 0.10312   0.56889   0.14815  -0.82015  
  #76	4   	-80479.19372	Yes        	4        	0.994    	0.200    	 0.28626   0.19747   0.19637   0.31990	-0.77888   0.11751   0.54877   0.11260  
      	     	          	           	          	           	             	                                      	 0.17034  -1.34411   0.21200   0.96176  
      	     	          	           	          	           	             	                                      	 0.79997   0.21318  -1.24362   0.23047  
      	     	          	           	          	           	             	                                      	 0.10076   0.59367   0.14147  -0.83590  
  #77	4   	-80322.62815	Yes        	4        	2.608    	0.195    	 0.28809   0.19645   0.19512   0.32035	-0.77455   0.12497   0.53716   0.11242  
      	     	          	           	          	           	             	                                      	 0.18326  -1.34499   0.24139   0.92034  
      	     	          	           	          	           	             	                                      	 0.79311   0.24304  -1.28544   0.24929  
      	     	          	           	          	           	             	                                      	 0.10110   0.56439   0.15184  -0.81733  
  #78	4   	-80261.89030	Yes        	4        	2.354    	0.194    	 0.28425   0.19666   0.19798   0.32112	-0.80889   0.12854   0.55917   0.12118  
      	     	          	           	          	           	             	                                      	 0.18579  -1.35650   0.21362   0.95710  
      	     	          	           	          	           	             	                                      	 0.80283   0.21220  -1.21628   0.20126  
      	     	          	           	          	           	             	                                      	 0.10727   0.58614   0.12408  -0.81749  
  #79	4   	-80757.89469	Yes        	4        	1.406    	0.203    	 0.28544   0.19971   0.19815   0.31670	-0.83867   0.12938   0.58617   0.12312  
      	     	          	           	          	           	             	                                      	 0.18493  -1.27874   0.20381   0.89000  
      	     	          	           	          	           	             	                                      	 0.84439   0.20541  -1.26263   0.21282  
      	     	          	           	          	           	             	                                      	 0.11096   0.56121   0.13315  -0.80532  
  #80	4   	-80855.58699	Yes        	4        	1.158    	0.202    	 0.28515   0.20033   0.19716   0.31737	-0.79904   0.13002   0.56153   0.10748  
      	     	          	           	          	           	             	                                      	 0.18507  -1.33569   0.21863   0.93199  
      	     	          	           	          	           	             	                                      	 0.81213   0.22214  -1.24555   0.21129  
      	     	          	           	          	           	             	                                      	 0.09657   0.58829   0.13126  -0.81612  
  #81	4   	-80676.97226	Yes        	4        	0.859    	0.200    	 0.28282   0.20040   0.19763   0.31914	-0.79925   0.13221   0.53889   0.12815  
      	     	          	           	          	           	             	                                      	 0.18659  -1.36361   0.20870   0.96832  
      	     	          	           	          	           	             	                                      	 0.77117   0.21162  -1.17546   0.19267  
      	     	          	           	          	           	             	                                      	 0.11357   0.60804   0.11931  -0.84092  
  #82	4   	-79957.22315	Yes        	4        	1.170    	0.202    	 0.28639   0.19654   0.19694   0.32014	-0.82566   0.13583   0.56185   0.12798  
      	     	          	           	          	           	             	                                      	 0.19794  -1.35087   0.21552   0.93741  
      	     	          	           	          	           	             	                                      	 0.81705   0.21508  -1.21974   0.18761  
      	     	          	           	          	           	             	                                      	 0.11449   0.57549   0.11541  -0.80538  
  #83	4   	-80712.47607	Yes        	4        	1.762    	0.205    	 0.28176   0.19870   0.20175   0.31779	-0.87217   0.14232   0.59436   0.13548  
      	     	          	           	          	           	             	                                      	 0.20182  -1.24615   0.18316   0.86117  
      	     	          	           	          	           	             	                                      	 0.83006   0.18039  -1.24217   0.23172  
      	     	          	           	          	           	             	                                      	 0.12012   0.53846   0.14711  -0.80569  
  #84	4   	-80504.59048	Yes        	4        	1.443    	0.203    	 0.28594   0.19743   0.20042   0.31621	-0.81112   0.14134   0.55668   0.11309  
      	     	          	           	          	           	             	                                      	 0.20471  -1.34924   0.21586   0.92867  
      	     	          	           	          	           	             	                                      	 0.79424   0.21264  -1.21694   0.21005  
      	     	          	           	          	           	             	                                      	 0.10227   0.57984   0.13314  -0.81525  
  #85	4   	-80242.65982	Yes        	4        	1.402    	0.203    	 0.28589   0.19653   0.20029   0.31729	-0.81994   0.11575   0.56788   0.13632  
      	     	          	           	          	           	             	                                      	 0.16838  -1.28528   0.19212   0.92478  
      	     	          	           	          	           	             	                                      	 0.81057   0.18851  -1.22916   0.23007  
      	     	          	           	          	           	             	                                      	 0.12283   0.57282   0.14524  -0.84088  
  #86	4   	-80343.85851	Yes        	4        	0.940    	0.199    	 0.28961   0.19640   0.19639   0.31761	-0.79887   0.13255   0.54688   0.11945  
      	     	          	           	          	           	             	                                      	 0.19546  -1.34296   0.18063   0.96688  
      	     	          	           	          	           	             	                                      	 0.80646   0.18063  -1.20744   0.22034  
      	     	          	           	          	           	             	                                      	 0.10892   0.59788   0.13625  -0.84305  
  #87	4   	-80616.63387	Yes        	4        	1.408    	0.203    	 0.28313   0.19303   0.20040   0.32343	-0.79383   0.11981   0.55078   0.12323  
      	     	          	           	          	           	             	                                      	 0.17573  -1.37297   0.21479   0.98245  
      	     	          	           	          	           	             	                                      	 0.77815   0.20689  -1.20527   0.22024  
      	     	          	           	          	           	             	                                      	 0.10788   0.58635   0.13646  -0.83069  
  #88	4   	-80200.27266	Yes        	4        	6.983    	0.198    	 0.28163   0.19945   0.19757   0.32134	-0.84100   0.13368   0.58415   0.12317  
      	     	          	           	          	           	             	                                      	 0.18875  -1.29225   0.18866   0.91484  
      	     	          	           	          	           	             	                                      	 0.83267   0.19046  -1.24103   0.21791  
      	     	          	           	          	           	             	                                      	 0.10795   0.56783   0.13398  -0.80976  
  #89	4   	-80419.86457	Yes        	4        	1.414    	0.202    	 0.28565   0.19816   0.19720   0.31899	-0.84069   0.11940   0.59242   0.12887  
      	     	          	           	          	           	             	                                      	 0.17211  -1.27237   0.20604   0.89422  
      	     	          	           	          	           	             	                                      	 0.85815   0.20705  -1.27731   0.21211  
      	     	          	           	          	           	             	                                      	 0.11540   0.55550   0.13112  -0.80203  
  #90	4   	-80613.82810	Yes        	4        	4.052    	0.197    	 0.28488   0.19752   0.19692   0.32069	-0.79756   0.13474   0.54032   0.12249  
      	     	          	           	          	           	             	                                      	 0.19434  -1.34721   0.21611   0.93677  
      	     	          	           	          	           	             	                                      	 0.78167   0.21676  -1.22738   0.22895  
      	     	          	           	          	           	             	                                      	 0.10881   0.57696   0.14059  -0.82636  
  #91	4   	-80386.69590	Yes        	4        	1.044    	0.200    	 0.28131   0.19746   0.20009   0.32113	-0.81438   0.13390   0.55054   0.12995  
      	     	          	           	          	           	             	                                      	 0.19076  -1.32191   0.21148   0.91968  
      	     	          	           	          	           	             	                                      	 0.77400   0.20870  -1.22031   0.23761  
      	     	          	           	          	           	             	                                      	 0.11383   0.56550   0.14805  -0.82739  
  #92	4   	-80713.92947	Yes        	4        	2.062    	0.186    	 0.28418   0.19748   0.19840   0.31995	-0.81507   0.14184   0.54387   0.12935  
      	     	          	           	          	           	             	                                      	 0.20411  -1.33696   0.22630   0.90654  
      	     	          	           	          	           	             	                                      	 0.77901   0.22525  -1.22941   0.22515  
      	     	          	           	          	           	             	                                      	 0.11489   0.55952   0.13961  -0.81403  
  #93	4   	-80181.39021	Yes        	4        	2.044    	0.186    	 0.28793   0.19486   0.19608   0.32113	-0.79616   0.11892   0.57313   0.10411  
      	     	          	           	          	           	             	                                      	 0.17572  -1.34959   0.23021   0.94366  
      	     	          	           	          	           	             	                                      	 0.84163   0.22879  -1.28471   0.21429  
      	     	          	           	          	           	             	                                      	 0.09334   0.57261   0.13084  -0.79680  
  #94	4   	-80794.92101	Yes        	4        	1.051    	0.201    	 0.28536   0.19858   0.19654   0.31953	-0.79444   0.12580   0.56097   0.10767  
      	     	          	           	          	           	             	                                      	 0.18078  -1.33250   0.19435   0.95738  
      	     	          	           	          	           	             	                                      	 0.81452   0.19636  -1.23777   0.22689  
      	     	          	           	          	           	             	                                      	 0.09616   0.59498   0.13956  -0.83069  
  #95	4   	-80458.99582	Yes        	4        	0.822    	0.199    	 0.28497   0.19866   0.19921   0.31715	-0.78508   0.11590   0.56141   0.10777  
      	     	          	           	          	           	             	                                      	 0.16625  -1.32432   0.20915   0.94891  
      	     	          	           	          	           	             	                                      	 0.80309   0.20858  -1.24362   0.23195  
      	     	          	           	          	           	             	                                      	 0.09684   0.59440   0.14570  -0.83694  
  #96	4   	-80442.22804	Yes        	4        	1.742    	0.203    	 0.28260   0.19641   0.19947   0.32151	-0.84989   0.12100   0.60147   0.12743  
      	     	          	           	          	           	             	                                      	 0.17410  -1.27470   0.20056   0.90004  
      	     	          	           	          	           	             	                                      	 0.85212   0.19748  -1.26842   0.21882  
      	     	          	           	          	           	             	                                      	 0.11201   0.54982   0.13576  -0.79759  
  #97	4   	-81050.96308	Yes        	4        	1.767    	0.185    	 0.28492   0.19823   0.19637   0.32048	-0.81180   0.12889   0.56916   0.11374  
      	     	          	           	          	           	             	                                      	 0.18526  -1.30767   0.22282   0.89959  
      	     	          	           	          	           	             	                                      	 0.82582   0.22493  -1.28607   0.23532  
      	     	          	           	          	           	             	                                      	 0.10112   0.55643   0.14419  -0.80173  
  #98	4   	-80790.78040	Yes        	4        	2.985    	0.195    	 0.28420   0.20130   0.19472   0.31978	-0.79350   0.12213   0.54861   0.12275  
      	     	          	           	          	           	             	                                      	 0.17243  -1.31825   0.19389   0.95192  
      	     	          	           	          	           	             	                                      	 0.80073   0.20045  -1.22630   0.22512  
      	     	          	           	          	           	             	                                      	 0.10909   0.59922   0.13708  -0.84540  
  #99	4   	-80232.66864	Yes        	4        	0.924    	0.199    	 0.27865   0.20021   0.19724   0.32390	-0.86518   0.14829   0.61321   0.10369  
      	     	          	           	          	           	             	                                      	 0.20638  -1.29652   0.18759   0.90256  
      	     	          	           	          	           	             	                                      	 0.86631   0.19041  -1.26285   0.20613  
      	     	          	           	          	           	             	                                      	 0.08920   0.55790   0.12553  -0.77263  
  #100	4   	-80466.47735	Yes        	4        	1.554    	0.202    	 0.28476   0.19556   0.19986   0.31982	-0.81985   0.13421   0.55752   0.12811  
      	     	          	           	          	           	             	                                      	 0.19543  -1.33568   0.19913   0.94112  
      	     	          	           	          	           	             	                                      	 0.79434   0.19485  -1.20709   0.21790  
      	     	          	           	          	           	             	                                      	 0.11407   0.57548   0.13617  -0.82572  
