. Sequence file : [Hominid_COL17A1.phy]

. Model of nucleotides substitution : GTR

. Initial tree : [BioNJ]


. Data	Nb of 	Likelihood	Discrete   	Number of 	Gamma shape	Proportion of	Nucleotides frequencies               	Instantaneous rate matrix              	
  set	taxa	loglk     	gamma model	categories	parameter  	invariant    	f(A)      f(C)      f(G)      f(T)    	[A---------C---------G---------T------]	

  #1	4   	-90537.61001	Yes        	4        	0.567    	0.200    	 0.26205   0.23970   0.24168   0.25657	-0.96197   0.15985   0.69588   0.10625  
      	     	          	           	          	           	             	                                      	 0.17476  -1.07037   0.18479   0.71083  
      	     	          	           	          	           	             	                                      	 0.75452   0.18327  -1.07532   0.13753  
      	     	          	           	          	           	             	                                      	 0.10852   0.66408   0.12955  -0.90215  
  #2	4   	-90040.01560	Yes        	4        	0.886    	0.199    	 0.25753   0.24203   0.24354   0.25690	-0.95455   0.16093   0.69288   0.10075  
      	     	          	           	          	           	             	                                      	 0.17124  -1.07144   0.19598   0.70422  
      	     	          	           	          	           	             	                                      	 0.73268   0.19476  -1.07647   0.14904  
      	     	          	           	          	           	             	                                      	 0.10100   0.66346   0.14129  -0.90575  
  #3	4   	-90700.81865	Yes        	4        	1.196    	0.202    	 0.25819   0.23865   0.24227   0.26090	-0.95684   0.16817   0.68159   0.10709  
      	     	          	           	          	           	             	                                      	 0.18193  -1.08479   0.18841   0.71445  
      	     	          	           	          	           	             	                                      	 0.72636   0.18559  -1.06671   0.15475  
      	     	          	           	          	           	             	                                      	 0.10598   0.65352   0.14371  -0.90320  
  #4	4   	-90544.50830	Yes        	4        	0.954    	0.200    	 0.25875   0.24148   0.24115   0.25862	-0.97499   0.16199   0.70620   0.10681  
      	     	          	           	          	           	             	                                      	 0.17357  -1.06046   0.20205   0.68484  
      	     	          	           	          	           	             	                                      	 0.75776   0.20233  -1.09921   0.13913  
      	     	          	           	          	           	             	                                      	 0.10686   0.63947   0.12973  -0.87606  
  #5	4   	-90236.10465	Yes        	4        	0.450    	0.180    	 0.26465   0.24119   0.24010   0.25407	-0.94320   0.16567   0.67023   0.10730  
      	     	          	           	          	           	             	                                      	 0.18179  -1.08824   0.17403   0.73241  
      	     	          	           	          	           	             	                                      	 0.73875   0.17482  -1.04585   0.13229  
      	     	          	           	          	           	             	                                      	 0.11177   0.69529   0.12502  -0.93207  
  #6	4   	-90077.78897	Yes        	4        	0.657    	0.200    	 0.26016   0.24019   0.23851   0.26114	-0.96867   0.14900   0.71095   0.10871  
      	     	          	           	          	           	             	                                      	 0.16139  -1.06205   0.17668   0.72397  
      	     	          	           	          	           	             	                                      	 0.77549   0.17792  -1.08618   0.13277  
      	     	          	           	          	           	             	                                      	 0.10830   0.66587   0.12126  -0.89544  
  #7	4   	-90563.31586	Yes        	4        	0.471    	0.180    	 0.26220   0.24257   0.24082   0.25441	-0.96546   0.16313   0.69873   0.10360  
      	     	          	           	          	           	             	                                      	 0.17633  -1.06288   0.16919   0.71737  
      	     	          	           	          	           	             	                                      	 0.76076   0.17042  -1.06325   0.13208  
      	     	          	           	          	           	             	                                      	 0.10677   0.68397   0.12502  -0.91577  
  #8	4   	-90855.25740	Yes        	4        	0.655    	0.200    	 0.25856   0.24147   0.24013   0.25984	-0.98001   0.15051   0.71513   0.11437  
      	     	          	           	          	           	             	                                      	 0.16117  -1.07026   0.19697   0.71212  
      	     	          	           	          	           	             	                                      	 0.77002   0.19807  -1.08091   0.11282  
      	     	          	           	          	           	             	                                      	 0.11380   0.66177   0.10426  -0.87983  
  #9	4   	-90524.57604	Yes        	4        	0.822    	0.198    	 0.26030   0.24148   0.23850   0.25973	-0.95426   0.15399   0.67394   0.12633  
      	     	          	           	          	           	             	                                      	 0.16599  -1.07528   0.18718   0.72210  
      	     	          	           	          	           	             	                                      	 0.73555   0.18952  -1.05939   0.13432  
      	     	          	           	          	           	             	                                      	 0.12661   0.67136   0.12334  -0.92131  
  #10	4   	-90478.62755	Yes        	4        	0.915    	0.199    	 0.26078   0.24252   0.24039   0.25631	-0.97504   0.16240   0.71147   0.10117  
      	     	          	           	          	           	             	                                      	 0.17462  -1.04402   0.19057   0.67883  
      	     	          	           	          	           	             	                                      	 0.77181   0.19226  -1.10919   0.14512  
      	     	          	           	          	           	             	                                      	 0.10293   0.64231   0.13610  -0.88134  
  #11	4   	-90794.22203	Yes        	4        	0.822    	0.199    	 0.25712   0.24017   0.24169   0.26103	-0.93261   0.13799   0.67866   0.11596  
      	     	          	           	          	           	             	                                      	 0.14774  -1.08637   0.19271   0.74592  
      	     	          	           	          	           	             	                                      	 0.72199   0.19150  -1.05739   0.14390  
      	     	          	           	          	           	             	                                      	 0.11422   0.68632   0.13324  -0.93378  
  #12	4   	-90206.16537	Yes        	4        	0.369    	0.180    	 0.25938   0.24015   0.24171   0.25876	-0.93424   0.15178   0.67468   0.10778  
      	     	          	           	          	           	             	                                      	 0.16393  -1.08806   0.19561   0.72852  
      	     	          	           	          	           	             	                                      	 0.72403   0.19435  -1.06627   0.14790  
      	     	          	           	          	           	             	                                      	 0.10804   0.67611   0.13815  -0.92230  
  #13	4   	-90266.41299	Yes        	4        	0.628    	0.200    	 0.26314   0.24033   0.23777   0.25875	-0.95599   0.15271   0.69160   0.11169  
      	     	          	           	          	           	             	                                      	 0.16720  -1.07227   0.19247   0.71261  
      	     	          	           	          	           	             	                                      	 0.76540   0.19454  -1.08998   0.13004  
      	     	          	           	          	           	             	                                      	 0.11358   0.66187   0.11950  -0.89494  
  #14	4   	-90481.00968	Yes        	4        	1.496    	0.203    	 0.26137   0.23668   0.24461   0.25734	-0.96685   0.16851   0.67662   0.12172  
      	     	          	           	          	           	             	                                      	 0.18609  -1.08837   0.16441   0.73786  
      	     	          	           	          	           	             	                                      	 0.72299   0.15909  -1.02000   0.13793  
      	     	          	           	          	           	             	                                      	 0.12363   0.67865   0.13110  -0.93338  
  #15	4   	-90623.28715	Yes        	4        	0.947    	0.200    	 0.25772   0.24076   0.24187   0.25964	-0.98797   0.17125   0.70720   0.10951  
      	     	          	           	          	           	             	                                      	 0.18332  -1.05339   0.17583   0.69424  
      	     	          	           	          	           	             	                                      	 0.75354   0.17502  -1.07698   0.14842  
      	     	          	           	          	           	             	                                      	 0.10870   0.64376   0.13826  -0.89072  
  #16	4   	-90354.67155	Yes        	4        	0.922    	0.199    	 0.25849   0.23992   0.24104   0.26056	-1.01527   0.15943   0.73409   0.12176  
      	     	          	           	          	           	             	                                      	 0.17177  -1.02835   0.18076   0.67582  
      	     	          	           	          	           	             	                                      	 0.78722   0.17992  -1.10013   0.13300  
      	     	          	           	          	           	             	                                      	 0.12079   0.62229   0.12303  -0.86611  
  #17	4   	-90663.27237	Yes        	4        	0.641    	0.200    	 0.25951   0.24037   0.24196   0.25816	-0.96335   0.16208   0.69627   0.10500  
      	     	          	           	          	           	             	                                      	 0.17498  -1.05568   0.17125   0.70945  
      	     	          	           	          	           	             	                                      	 0.74678   0.17012  -1.07521   0.15831  
      	     	          	           	          	           	             	                                      	 0.10555   0.66059   0.14838  -0.91451  
  #18	4   	-91140.61437	Yes        	4        	1.437    	0.203    	 0.25824   0.24249   0.24013   0.25914	-0.98410   0.15863   0.70983   0.11563  
      	     	          	           	          	           	             	                                      	 0.16893  -1.04398   0.17651   0.69853  
      	     	          	           	          	           	             	                                      	 0.76338   0.17825  -1.08186   0.14023  
      	     	          	           	          	           	             	                                      	 0.11523   0.65366   0.12994  -0.89883  
  #19	4   	-90156.27872	Yes        	4        	0.837    	0.198    	 0.25884   0.23967   0.23905   0.26244	-0.96581   0.16768   0.69143   0.10670  
      	     	          	           	          	           	             	                                      	 0.18109  -1.10571   0.17564   0.74898  
      	     	          	           	          	           	             	                                      	 0.74868   0.17610  -1.04359   0.11881  
      	     	          	           	          	           	             	                                      	 0.10524   0.68402   0.10822  -0.89748  
  #20	4   	-90433.39093	Yes        	4        	0.988    	0.200    	 0.26252   0.23559   0.24162   0.26027	-0.98162   0.17334   0.68896   0.11932  
      	     	          	           	          	           	             	                                      	 0.19315  -1.06817   0.16900   0.70602  
      	     	          	           	          	           	             	                                      	 0.74854   0.16478  -1.06298   0.14966  
      	     	          	           	          	           	             	                                      	 0.12035   0.63907   0.13894  -0.89836  
  #21	4   	-90832.67996	Yes        	4        	0.655    	0.200    	 0.26202   0.24057   0.23871   0.25870	-0.96694   0.16887   0.67610   0.12197  
      	     	          	           	          	           	             	                                      	 0.18393  -1.08571   0.17962   0.72216  
      	     	          	           	          	           	             	                                      	 0.74212   0.18102  -1.04757   0.12444  
      	     	          	           	          	           	             	                                      	 0.12353   0.67153   0.11482  -0.90988  
  #22	4   	-90343.28040	Yes        	4        	0.920    	0.199    	 0.26136   0.24299   0.23974   0.25591	-0.97743   0.15200   0.72572   0.09971  
      	     	          	           	          	           	             	                                      	 0.16350  -1.03929   0.18614   0.68966  
      	     	          	           	          	           	             	                                      	 0.79119   0.18866  -1.11220   0.13235  
      	     	          	           	          	           	             	                                      	 0.10183   0.65482   0.12398  -0.88064  
  #23	4   	-90534.52906	Yes        	4        	0.868    	0.199    	 0.26087   0.24147   0.24315   0.25451	-0.96931   0.15576   0.70403   0.10952  
      	     	          	           	          	           	             	                                      	 0.16827  -1.05905   0.17463   0.71615  
      	     	          	           	          	           	             	                                      	 0.75533   0.17343  -1.06052   0.13177  
      	     	          	           	          	           	             	                                      	 0.11226   0.67947   0.12589  -0.91761  
  #24	4   	-90524.44022	Yes        	4        	0.723    	0.200    	 0.26090   0.24014   0.23985   0.25911	-0.99133   0.16175   0.71480   0.11478  
      	     	          	           	          	           	             	                                      	 0.17573  -1.04367   0.17864   0.68930  
      	     	          	           	          	           	             	                                      	 0.77752   0.17885  -1.09369   0.13732  
      	     	          	           	          	           	             	                                      	 0.11557   0.63884   0.12712  -0.88153  
  #25	4   	-90413.38074	Yes        	4        	1.050    	0.200    	 0.26227   0.23845   0.24129   0.25799	-0.98967   0.16454   0.71375   0.11139  
      	     	          	           	          	           	             	                                      	 0.18097  -1.07004   0.16700   0.72208  
      	     	          	           	          	           	             	                                      	 0.77580   0.16503  -1.05871   0.11788  
      	     	          	           	          	           	             	                                      	 0.11323   0.66737   0.11024  -0.89085  
  #26	4   	-90293.83786	Yes        	4        	0.450    	0.180    	 0.26220   0.23705   0.24086   0.25989	-0.95945   0.17115   0.67826   0.11004  
      	     	          	           	          	           	             	                                      	 0.18931  -1.09586   0.17362   0.73294  
      	     	          	           	          	           	             	                                      	 0.73836   0.17087  -1.04845   0.13923  
      	     	          	           	          	           	             	                                      	 0.11102   0.66852   0.12903  -0.90857  
  #27	4   	-90253.81751	Yes        	4        	1.242    	0.202    	 0.25928   0.23965   0.24090   0.26018	-0.97419   0.15419   0.70418   0.11582  
      	     	          	           	          	           	             	                                      	 0.16682  -1.06665   0.19033   0.70950  
      	     	          	           	          	           	             	                                      	 0.75789   0.18934  -1.07913   0.13189  
      	     	          	           	          	           	             	                                      	 0.11542   0.65352   0.12212  -0.89106  
  #28	4   	-90537.98462	Yes        	4        	1.070    	0.201    	 0.26075   0.23998   0.24108   0.25819	-0.96418   0.16568   0.69617   0.10234  
      	     	          	           	          	           	             	                                      	 0.18001  -1.07604   0.19008   0.70595  
      	     	          	           	          	           	             	                                      	 0.75294   0.18921  -1.08136   0.13921  
      	     	          	           	          	           	             	                                      	 0.10335   0.65618   0.12999  -0.88952  
  #29	4   	-90291.97417	Yes        	4        	0.711    	0.200    	 0.26048   0.24046   0.24043   0.25863	-1.00494   0.17110   0.72802   0.10582  
      	     	          	           	          	           	             	                                      	 0.18534  -1.05364   0.14994   0.71836  
      	     	          	           	          	           	             	                                      	 0.78874   0.14996  -1.06115   0.12244  
      	     	          	           	          	           	             	                                      	 0.10658   0.66791   0.11383  -0.88831  
  #30	4   	-90398.11366	Yes        	4        	0.572    	0.200    	 0.26083   0.24071   0.23992   0.25854	-0.99115   0.17327   0.70355   0.11433  
      	     	          	           	          	           	             	                                      	 0.18776  -1.04659   0.15918   0.69965  
      	     	          	           	          	           	             	                                      	 0.76486   0.15970  -1.06941   0.14485  
      	     	          	           	          	           	             	                                      	 0.11534   0.65138   0.13442  -0.90114  
  #31	4   	-90161.22391	Yes        	4        	0.822    	0.198    	 0.26064   0.24249   0.23984   0.25703	-0.95461   0.15334   0.69176   0.10951  
      	     	          	           	          	           	             	                                      	 0.16481  -1.05417   0.16207   0.72729  
      	     	          	           	          	           	             	                                      	 0.75175   0.16386  -1.06376   0.14815  
      	     	          	           	          	           	             	                                      	 0.11104   0.68615   0.13823  -0.93543  
  #32	4   	-90099.90585	Yes        	4        	1.136    	0.201    	 0.26156   0.23952   0.24198   0.25694	-0.94114   0.15750   0.68308   0.10056  
      	     	          	           	          	           	             	                                      	 0.17199  -1.07077   0.15578   0.74300  
      	     	          	           	          	           	             	                                      	 0.73833   0.15419  -1.05189   0.15936  
      	     	          	           	          	           	             	                                      	 0.10236   0.69262   0.15008  -0.94507  
  #33	4   	-90787.93753	Yes        	4        	0.413    	0.181    	 0.25890   0.23981   0.24225   0.25904	-0.98337   0.14527   0.71743   0.12068  
      	     	          	           	          	           	             	                                      	 0.15683  -1.02892   0.17004   0.70206  
      	     	          	           	          	           	             	                                      	 0.76673   0.16833  -1.08478   0.14972  
      	     	          	           	          	           	             	                                      	 0.12061   0.64994   0.14002  -0.91056  
  #34	4   	-90583.26413	Yes        	4        	0.798    	0.200    	 0.25736   0.24037   0.24145   0.26081	-0.99249   0.16615   0.69922   0.12712  
      	     	          	           	          	           	             	                                      	 0.17789  -1.05498   0.18747   0.68962  
      	     	          	           	          	           	             	                                      	 0.74529   0.18663  -1.07167   0.13975  
      	     	          	           	          	           	             	                                      	 0.12544   0.63558   0.12938  -0.89039  
  #35	4   	-90869.74636	Yes        	4        	1.181    	0.202    	 0.25814   0.24038   0.24079   0.26069	-0.98024   0.15978   0.71673   0.10374  
      	     	          	           	          	           	             	                                      	 0.17158  -1.06839   0.17168   0.72512  
      	     	          	           	          	           	             	                                      	 0.76838   0.17139  -1.07011   0.13034  
      	     	          	           	          	           	             	                                      	 0.10272   0.66863   0.12039  -0.89175  
  #36	4   	-90496.81242	Yes        	4        	0.543    	0.200    	 0.25772   0.24419   0.24137   0.25672	-0.95860   0.15241   0.71605   0.09013  
      	     	          	           	          	           	             	                                      	 0.16086  -1.04929   0.17889   0.70954  
      	     	          	           	          	           	             	                                      	 0.76457   0.18099  -1.09471   0.14916  
      	     	          	           	          	           	             	                                      	 0.09048   0.67491   0.14024  -0.90563  
  #37	4   	-90714.88632	Yes        	4        	0.984    	0.200    	 0.26114   0.24088   0.24176   0.25622	-0.94314   0.15967   0.68038   0.10309  
      	     	          	           	          	           	             	                                      	 0.17310  -1.07372   0.19836   0.70226  
      	     	          	           	          	           	             	                                      	 0.73493   0.19764  -1.08466   0.15209  
      	     	          	           	          	           	             	                                      	 0.10507   0.66019   0.14351  -0.90877  
  #38	4   	-90154.91106	Yes        	4        	0.738    	0.200    	 0.26212   0.24048   0.24124   0.25617	-0.99130   0.17245   0.69759   0.12126  
      	     	          	           	          	           	             	                                      	 0.18797  -1.06351   0.18386   0.69168  
      	     	          	           	          	           	             	                                      	 0.75797   0.18328  -1.06402   0.12277  
      	     	          	           	          	           	             	                                      	 0.12407   0.64931   0.11561  -0.88900  
  #39	4   	-90138.81255	Yes        	4        	1.543    	0.203    	 0.25875   0.24128   0.24097   0.25901	-0.95268   0.17066   0.69151   0.09051  
      	     	          	           	          	           	             	                                      	 0.18302  -1.10009   0.19361   0.72345  
      	     	          	           	          	           	             	                                      	 0.74252   0.19386  -1.07013   0.13374  
      	     	          	           	          	           	             	                                      	 0.09042   0.67394   0.12443  -0.88878  
  #40	4   	-90864.97502	Yes        	4        	1.040    	0.200    	 0.26004   0.23822   0.24354   0.25820	-0.98569   0.15741   0.70753   0.12076  
      	     	          	           	          	           	             	                                      	 0.17183  -1.06886   0.17725   0.71978  
      	     	          	           	          	           	             	                                      	 0.75548   0.17338  -1.05200   0.12315  
      	     	          	           	          	           	             	                                      	 0.12162   0.66407   0.11615  -0.90183  
  #41	4   	-90343.54596	Yes        	4        	0.548    	0.200    	 0.25756   0.24345   0.24210   0.25689	-0.99321   0.15477   0.72400   0.11444  
      	     	          	           	          	           	             	                                      	 0.16374  -1.03278   0.18912   0.67992  
      	     	          	           	          	           	             	                                      	 0.77023   0.19018  -1.09516   0.13475  
      	     	          	           	          	           	             	                                      	 0.11474   0.64434   0.12699  -0.88606  
  #42	4   	-90426.41715	Yes        	4        	0.716    	0.200    	 0.26067   0.23986   0.24176   0.25771	-1.01611   0.18678   0.71635   0.11298  
      	     	          	           	          	           	             	                                      	 0.20298  -1.04859   0.16419   0.68142  
      	     	          	           	          	           	             	                                      	 0.77237   0.16291  -1.06888   0.13361  
      	     	          	           	          	           	             	                                      	 0.11428   0.63424   0.12534  -0.87385  
  #43	4   	-90419.63563	Yes        	4        	1.193    	0.202    	 0.25816   0.23812   0.24092   0.26281	-0.97862   0.14964   0.72944   0.09955  
      	     	          	           	          	           	             	                                      	 0.16223  -1.06486   0.19711   0.70553  
      	     	          	           	          	           	             	                                      	 0.78162   0.19481  -1.11105   0.13461  
      	     	          	           	          	           	             	                                      	 0.09778   0.63924   0.12340  -0.86043  
  #44	4   	-90692.78751	Yes        	4        	1.680    	0.204    	 0.25912   0.24178   0.23890   0.26020	-0.97902   0.17068   0.67710   0.13124  
      	     	          	           	          	           	             	                                      	 0.18292  -1.07076   0.18478   0.70306  
      	     	          	           	          	           	             	                                      	 0.73439   0.18700  -1.05389   0.13250  
      	     	          	           	          	           	             	                                      	 0.13070   0.65330   0.12166  -0.90566  
  #45	4   	-90239.04048	Yes        	4        	0.619    	0.200    	 0.26031   0.23914   0.24041   0.26014	-0.97401   0.16531   0.70495   0.10375  
      	     	          	           	          	           	             	                                      	 0.17995  -1.07672   0.20180   0.69497  
      	     	          	           	          	           	             	                                      	 0.76329   0.20073  -1.09713   0.13312  
      	     	          	           	          	           	             	                                      	 0.10382   0.63887   0.12302  -0.86571  
  #46	4   	-90545.89070	Yes        	4        	1.366    	0.202    	 0.25696   0.24062   0.24261   0.25981	-0.94637   0.13633   0.68036   0.12969  
      	     	          	           	          	           	             	                                      	 0.14558  -1.04956   0.20066   0.70332  
      	     	          	           	          	           	             	                                      	 0.72059   0.19901  -1.08161   0.16200  
      	     	          	           	          	           	             	                                      	 0.12826   0.65139   0.15128  -0.93093  
  #47	4   	-90438.93006	Yes        	4        	0.585    	0.197    	 0.26142   0.23692   0.24332   0.25834	-0.99298   0.15994   0.72607   0.10698  
      	     	          	           	          	           	             	                                      	 0.17648  -1.06075   0.18241   0.70186  
      	     	          	           	          	           	             	                                      	 0.78008   0.17761  -1.08473   0.12703  
      	     	          	           	          	           	             	                                      	 0.10826   0.64368   0.11965  -0.87158  
  #48	4   	-90378.39908	Yes        	4        	0.584    	0.197    	 0.26194   0.23657   0.24446   0.25702	-0.95083   0.15136   0.69319   0.10629  
      	     	          	           	          	           	             	                                      	 0.16759  -1.08137   0.18756   0.72621  
      	     	          	           	          	           	             	                                      	 0.74274   0.18151  -1.06646   0.14220  
      	     	          	           	          	           	             	                                      	 0.10832   0.66843   0.13526  -0.91201  
  #49	4   	-90333.89566	Yes        	4        	0.700    	0.200    	 0.25699   0.23829   0.24515   0.25956	-0.94677   0.15191   0.69542   0.09945  
      	     	          	           	          	           	             	                                      	 0.16383  -1.09621   0.19805   0.73433  
      	     	          	           	          	           	             	                                      	 0.72899   0.19250  -1.06226   0.14076  
      	     	          	           	          	           	             	                                      	 0.09847   0.67416   0.13295  -0.90557  
  #50	4   	-90468.28613	Yes        	4        	0.543    	0.200    	 0.25954   0.23865   0.24320   0.25861	-0.97750   0.14983   0.72581   0.10186  
      	     	          	           	          	           	             	                                      	 0.16294  -1.06188   0.20484   0.69410  
      	     	          	           	          	           	             	                                      	 0.77458   0.20101  -1.10620   0.13062  
      	     	          	           	          	           	             	                                      	 0.10223   0.64053   0.12284  -0.86560  
  #51	4   	-90795.61825	Yes        	4        	1.081    	0.201    	 0.25665   0.24156   0.24239   0.25940	-0.93775   0.16519   0.66521   0.10736  
      	     	          	           	          	           	             	                                      	 0.17551  -1.10110   0.20106   0.72453  
      	     	          	           	          	           	             	                                      	 0.70435   0.20037  -1.05216   0.14744  
      	     	          	           	          	           	             	                                      	 0.10622   0.67471   0.13777  -0.91870  
  #52	4   	-90403.29743	Yes        	4        	0.858    	0.199    	 0.26244   0.23862   0.24102   0.25791	-1.00344   0.17576   0.71722   0.11046  
      	     	          	           	          	           	             	                                      	 0.19331  -1.04566   0.16674   0.68561  
      	     	          	           	          	           	             	                                      	 0.78098   0.16508  -1.08406   0.13801  
      	     	          	           	          	           	             	                                      	 0.11240   0.63433   0.12897  -0.87570  
  #53	4   	-90655.97497	Yes        	4        	0.783    	0.200    	 0.26155   0.23744   0.24048   0.26053	-0.98060   0.14472   0.71027   0.12561  
      	     	          	           	          	           	             	                                      	 0.15943  -1.05787   0.17330   0.72515  
      	     	          	           	          	           	             	                                      	 0.77251   0.17110  -1.06919   0.12557  
      	     	          	           	          	           	             	                                      	 0.12610   0.66086   0.11591  -0.90287  
  #54	4   	-90004.58349	Yes        	4        	0.751    	0.200    	 0.26253   0.23587   0.24216   0.25944	-0.94580   0.14310   0.69958   0.10312  
      	     	          	           	          	           	             	                                      	 0.15927  -1.10316   0.19352   0.75036  
      	     	          	           	          	           	             	                                      	 0.75843   0.18850  -1.06695   0.12002  
      	     	          	           	          	           	             	                                      	 0.10435   0.68219   0.11203  -0.89857  
  #55	4   	-90655.26322	Yes        	4        	0.669    	0.200    	 0.26011   0.23468   0.24178   0.26343	-1.01667   0.14684   0.75580   0.11402  
      	     	          	           	          	           	             	                                      	 0.16275  -1.03702   0.18189   0.69238  
      	     	          	           	          	           	             	                                      	 0.81313   0.17654  -1.11532   0.12565  
      	     	          	           	          	           	             	                                      	 0.11259   0.61681   0.11533  -0.84472  
  #56	4   	-90237.83377	Yes        	4        	0.883    	0.199    	 0.25781   0.24061   0.23962   0.26195	-0.98953   0.18737   0.68044   0.12172  
      	     	          	           	          	           	             	                                      	 0.20077  -1.07356   0.18135   0.69143  
      	     	          	           	          	           	             	                                      	 0.73209   0.18210  -1.05977   0.14558  
      	     	          	           	          	           	             	                                      	 0.11979   0.63510   0.13317  -0.88806  
  #57	4   	-90310.54673	Yes        	4        	1.341    	0.202    	 0.25879   0.23937   0.24386   0.25798	-0.97112   0.14885   0.71107   0.11120  
      	     	          	           	          	           	             	                                      	 0.16092  -1.05937   0.16759   0.73086  
      	     	          	           	          	           	             	                                      	 0.75461   0.16451  -1.05698   0.13787  
      	     	          	           	          	           	             	                                      	 0.11155   0.67814   0.13033  -0.92002  
  #58	4   	-90772.33665	Yes        	4        	1.007    	0.200    	 0.26181   0.24185   0.23977   0.25656	-0.97287   0.15086   0.72081   0.10120  
      	     	          	           	          	           	             	                                      	 0.16331  -1.02045   0.17814   0.67900  
      	     	          	           	          	           	             	                                      	 0.78705   0.17968  -1.12518   0.15845  
      	     	          	           	          	           	             	                                      	 0.10327   0.64006   0.14808  -0.89142  
  #59	4   	-90432.25230	Yes        	4        	0.446    	0.200    	 0.25966   0.24332   0.23660   0.26042	-0.95536   0.15186   0.66890   0.13460  
      	     	          	           	          	           	             	                                      	 0.16205  -1.06473   0.17385   0.72882  
      	     	          	           	          	           	             	                                      	 0.73410   0.17879  -1.04937   0.13648  
      	     	          	           	          	           	             	                                      	 0.13421   0.68097   0.12400  -0.93918  
  #60	4   	-90604.86536	Yes        	4        	0.547    	0.200    	 0.25803   0.24157   0.24302   0.25738	-0.98905   0.17545   0.70560   0.10799  
      	     	          	           	          	           	             	                                      	 0.18740  -1.06313   0.17605   0.69967  
      	     	          	           	          	           	             	                                      	 0.74917   0.17500  -1.06098   0.13682  
      	     	          	           	          	           	             	                                      	 0.10826   0.65670   0.12919  -0.89415  
  #61	4   	-90644.69253	Yes        	4        	0.881    	0.199    	 0.26111   0.24031   0.24006   0.25852	-0.99173   0.15556   0.71182   0.12434  
      	     	          	           	          	           	             	                                      	 0.16902  -1.04693   0.17378   0.70413  
      	     	          	           	          	           	             	                                      	 0.77423   0.17396  -1.07350   0.12531  
      	     	          	           	          	           	             	                                      	 0.12559   0.65454   0.11636  -0.89648  
  #62	4   	-90380.74179	Yes        	4        	0.505    	0.180    	 0.25939   0.23928   0.24423   0.25710	-0.99065   0.16472   0.72852   0.09741  
      	     	          	           	          	           	             	                                      	 0.17856  -1.03717   0.17241   0.68620  
      	     	          	           	          	           	             	                                      	 0.77372   0.16891  -1.09656   0.15393  
      	     	          	           	          	           	             	                                      	 0.09828   0.63862   0.14622  -0.88312  
  #63	4   	-90326.23195	Yes        	4        	0.580    	0.200    	 0.25704   0.24076   0.24149   0.26071	-0.96139   0.17107   0.67942   0.11090  
      	     	          	           	          	           	             	                                      	 0.18264  -1.09175   0.15787   0.75124  
      	     	          	           	          	           	             	                                      	 0.72316   0.15739  -1.02138   0.14083  
      	     	          	           	          	           	             	                                      	 0.10934   0.69374   0.13045  -0.93353  
  #64	4   	-90341.83172	Yes        	4        	1.173    	0.201    	 0.26058   0.23884   0.23988   0.26070	-0.98338   0.15996   0.71740   0.10601  
      	     	          	           	          	           	             	                                      	 0.17453  -1.06844   0.19463   0.69928  
      	     	          	           	          	           	             	                                      	 0.77932   0.19378  -1.09920   0.12609  
      	     	          	           	          	           	             	                                      	 0.10597   0.64065   0.11603  -0.86264  
  #65	4   	-90489.44526	Yes        	4        	0.868    	0.199    	 0.25888   0.23992   0.24017   0.26103	-0.95125   0.15537   0.69488   0.10100  
      	     	          	           	          	           	             	                                      	 0.16765  -1.08693   0.22168   0.69760  
      	     	          	           	          	           	             	                                      	 0.74902   0.22145  -1.10866   0.13819  
      	     	          	           	          	           	             	                                      	 0.10017   0.64117   0.12715  -0.86848  
  #66	4   	-90538.53716	Yes        	4        	0.760    	0.200    	 0.25997   0.24073   0.23880   0.26050	-0.96124   0.15551   0.70196   0.10377  
      	     	          	           	          	           	             	                                      	 0.16794  -1.06156   0.19778   0.69584  
      	     	          	           	          	           	             	                                      	 0.76420   0.19937  -1.11008   0.14651  
      	     	          	           	          	           	             	                                      	 0.10356   0.64302   0.13431  -0.88089  
  #67	4   	-90037.98832	Yes        	4        	1.485    	0.203    	 0.25510   0.24190   0.24285   0.26015	-0.98658   0.14807   0.72747   0.11103  
      	     	          	           	          	           	             	                                      	 0.15615  -1.04132   0.18020   0.70497  
      	     	          	           	          	           	             	                                      	 0.76417   0.17950  -1.08451   0.14083  
      	     	          	           	          	           	             	                                      	 0.10887   0.65552   0.13146  -0.89585  
  #68	4   	-89820.48897	Yes        	4        	0.790    	0.198    	 0.25932   0.23960   0.24364   0.25744	-0.96243   0.16301   0.68952   0.10989  
      	     	          	           	          	           	             	                                      	 0.17643  -1.09100   0.18454   0.73002  
      	     	          	           	          	           	             	                                      	 0.73391   0.18148  -1.04382   0.12843  
      	     	          	           	          	           	             	                                      	 0.11070   0.67944   0.12155  -0.91169  
  #69	4   	-90482.69153	Yes        	4        	0.909    	0.199    	 0.25941   0.23890   0.24452   0.25717	-1.01169   0.16348   0.73234   0.11587  
      	     	          	           	          	           	             	                                      	 0.17752  -1.05149   0.18638   0.68760  
      	     	          	           	          	           	             	                                      	 0.77693   0.18209  -1.07666   0.11764  
      	     	          	           	          	           	             	                                      	 0.11688   0.63875   0.11185  -0.86748  
  #70	4   	-90516.59514	Yes        	4        	0.476    	0.179    	 0.26048   0.23955   0.24029   0.25968	-0.99318   0.16216   0.71690   0.11412  
      	     	          	           	          	           	             	                                      	 0.17634  -1.04361   0.18429   0.68298  
      	     	          	           	          	           	             	                                      	 0.77715   0.18372  -1.10046   0.13958  
      	     	          	           	          	           	             	                                      	 0.11447   0.63003   0.12916  -0.87366  
  #71	4   	-90728.40167	Yes        	4        	1.038    	0.200    	 0.26106   0.23978   0.24114   0.25802	-0.97032   0.15230   0.69999   0.11804  
      	     	          	           	          	           	             	                                      	 0.16582  -1.06230   0.17891   0.71757  
      	     	          	           	          	           	             	                                      	 0.75780   0.17790  -1.06728   0.13159  
      	     	          	           	          	           	             	                                      	 0.11943   0.66684   0.12298  -0.90925  
  #72	4   	-90412.97428	Yes        	4        	0.546    	0.198    	 0.25818   0.24163   0.24281   0.25738	-0.95896   0.15201   0.69898   0.10797  
      	     	          	           	          	           	             	                                      	 0.16242  -1.04801   0.18599   0.69960  
      	     	          	           	          	           	             	                                      	 0.74324   0.18509  -1.08658   0.15826  
      	     	          	           	          	           	             	                                      	 0.10831   0.65679   0.14930  -0.91441  
  #73	4   	-90616.29999	Yes        	4        	0.740    	0.199    	 0.25957   0.23861   0.24203   0.25979	-0.95607   0.15398   0.69038   0.11171  
      	     	          	           	          	           	             	                                      	 0.16752  -1.05983   0.18029   0.71202  
      	     	          	           	          	           	             	                                      	 0.74042   0.17774  -1.07895   0.16079  
      	     	          	           	          	           	             	                                      	 0.11162   0.65398   0.14980  -0.91539  
  #74	4   	-90448.15039	Yes        	4        	1.082    	0.201    	 0.26252   0.23654   0.24177   0.25917	-0.97974   0.16382   0.71610   0.09982  
      	     	          	           	          	           	             	                                      	 0.18181  -1.06247   0.18213   0.69854  
      	     	          	           	          	           	             	                                      	 0.77756   0.17819  -1.09838   0.14263  
      	     	          	           	          	           	             	                                      	 0.10112   0.63756   0.13306  -0.87173  
  #75	4   	-90409.39868	Yes        	4        	0.648    	0.199    	 0.25862   0.24058   0.24147   0.25933	-0.98245   0.15848   0.70398   0.11999  
      	     	          	           	          	           	             	                                      	 0.17037  -1.07125   0.19596   0.70492  
      	     	          	           	          	           	             	                                      	 0.75399   0.19524  -1.07008   0.12085  
      	     	          	           	          	           	             	                                      	 0.11966   0.65395   0.11253  -0.88615  
  #76	4   	-90558.01767	Yes        	4        	1.024    	0.200    	 0.26253   0.23953   0.23906   0.25887	-0.97960   0.16440   0.71621   0.09899  
      	     	          	           	          	           	             	                                      	 0.18018  -1.06829   0.16131   0.72679  
      	     	          	           	          	           	             	                                      	 0.78652   0.16163  -1.07404   0.12588  
      	     	          	           	          	           	             	                                      	 0.10039   0.67250   0.11625  -0.88913  
  #77	4   	-90179.40424	Yes        	4        	0.616    	0.200    	 0.26304   0.24174   0.24142   0.25381	-0.91652   0.15804   0.64718   0.11130  
      	     	          	           	          	           	             	                                      	 0.17197  -1.09132   0.19315   0.72620  
      	     	          	           	          	           	             	                                      	 0.70514   0.19341  -1.05047   0.15192  
      	     	          	           	          	           	             	                                      	 0.11535   0.69167   0.14451  -0.95153  
  #78	4   	-90618.53791	Yes        	4        	0.749    	0.200    	 0.26034   0.24080   0.24162   0.25724	-0.95285   0.16093   0.67967   0.11225  
      	     	          	           	          	           	             	                                      	 0.17399  -1.07812   0.19289   0.71124  
      	     	          	           	          	           	             	                                      	 0.73233   0.19224  -1.06619   0.14162  
      	     	          	           	          	           	             	                                      	 0.11360   0.66579   0.13302  -0.91241  
  #79	4   	-90293.28904	Yes        	4        	1.079    	0.201    	 0.25964   0.23928   0.24004   0.26104	-0.94312   0.15998   0.67461   0.10853  
      	     	          	           	          	           	             	                                      	 0.17359  -1.09720   0.19185   0.73176  
      	     	          	           	          	           	             	                                      	 0.72968   0.19124  -1.06311   0.14220  
      	     	          	           	          	           	             	                                      	 0.10794   0.67075   0.13076  -0.90945  
  #80	4   	-90882.73519	Yes        	4        	0.849    	0.199    	 0.25927   0.24084   0.24226   0.25764	-0.97354   0.15407   0.69424   0.12522  
      	     	          	           	          	           	             	                                      	 0.16586  -1.05735   0.17793   0.71357  
      	     	          	           	          	           	             	                                      	 0.74299   0.17689  -1.05563   0.13575  
      	     	          	           	          	           	             	                                      	 0.12602   0.66704   0.12765  -0.92070  
  #81	4   	-91081.70932	Yes        	4        	0.665    	0.200    	 0.25929   0.23984   0.24300   0.25786	-0.98000   0.16687   0.69813   0.11500  
      	     	          	           	          	           	             	                                      	 0.18039  -1.04809   0.16170   0.70600  
      	     	          	           	          	           	             	                                      	 0.74492   0.15959  -1.06000   0.15549  
      	     	          	           	          	           	             	                                      	 0.11563   0.65667   0.14653  -0.91884  
  #82	4   	-90014.02801	Yes        	4        	0.968    	0.200    	 0.25754   0.24154   0.24101   0.25990	-0.96395   0.17607   0.67777   0.11011  
      	     	          	           	          	           	             	                                      	 0.18774  -1.09779   0.17875   0.73130  
      	     	          	           	          	           	             	                                      	 0.72426   0.17914  -1.03586   0.13246  
      	     	          	           	          	           	             	                                      	 0.10911   0.67964   0.12284  -0.91158  
  #83	4   	-90427.16632	Yes        	4        	1.113    	0.201    	 0.25738   0.23930   0.24314   0.26018	-0.96694   0.15813   0.70367   0.10515  
      	     	          	           	          	           	             	                                      	 0.17008  -1.08238   0.20499   0.70731  
      	     	          	           	          	           	             	                                      	 0.74487   0.20175  -1.08160   0.13497  
      	     	          	           	          	           	             	                                      	 0.10401   0.65054   0.12613  -0.88068  
  #84	4   	-90564.01552	Yes        	4        	0.545    	0.200    	 0.25905   0.23895   0.24483   0.25718	-0.96731   0.14309   0.70535   0.11887  
      	     	          	           	          	           	             	                                      	 0.15513  -1.06415   0.20402   0.70500  
      	     	          	           	          	           	             	                                      	 0.74631   0.19912  -1.07700   0.13157  
      	     	          	           	          	           	             	                                      	 0.11973   0.65503   0.12525  -0.90001  
  #85	4   	-90666.57266	Yes        	4        	1.033    	0.200    	 0.25822   0.23876   0.24372   0.25930	-0.98256   0.16565   0.70229   0.11463  
      	     	          	           	          	           	             	                                      	 0.17914  -1.06762   0.16623   0.72225  
      	     	          	           	          	           	             	                                      	 0.74406   0.16285  -1.04703   0.14013  
      	     	          	           	          	           	             	                                      	 0.11415   0.66503   0.13171  -0.91089  
  #86	4   	-90877.66758	Yes        	4        	0.995    	0.200    	 0.25770   0.24455   0.24011   0.25764	-0.95855   0.17205   0.67461   0.11189  
      	     	          	           	          	           	             	                                      	 0.18131  -1.07309   0.16598   0.72580  
      	     	          	           	          	           	             	                                      	 0.72402   0.16905  -1.03840   0.14533  
      	     	          	           	          	           	             	                                      	 0.11191   0.68893   0.13545  -0.93629  
  #87	4   	-90606.41776	Yes        	4        	0.841    	0.198    	 0.26109   0.24162   0.24052   0.25677	-0.94613   0.14701   0.66339   0.13573  
      	     	          	           	          	           	             	                                      	 0.15886  -1.06118   0.16727   0.73505  
      	     	          	           	          	           	             	                                      	 0.72013   0.16804  -1.03349   0.14531  
      	     	          	           	          	           	             	                                      	 0.13802   0.69170   0.13612  -0.96584  
  #88	4   	-90673.64176	Yes        	4        	0.764    	0.200    	 0.26131   0.23817   0.24027   0.26025	-0.99496   0.15879   0.70273   0.13345  
      	     	          	           	          	           	             	                                      	 0.17422  -1.03373   0.16602   0.69349  
      	     	          	           	          	           	             	                                      	 0.76428   0.16457  -1.07574   0.14690  
      	     	          	           	          	           	             	                                      	 0.13399   0.63465   0.13562  -0.90427  
  #89	4   	-90314.84217	Yes        	4        	0.626    	0.200    	 0.25824   0.24098   0.24185   0.25893	-0.98570   0.16496   0.70794   0.11280  
      	     	          	           	          	           	             	                                      	 0.17677  -1.05674   0.17611   0.70386  
      	     	          	           	          	           	             	                                      	 0.75591   0.17548  -1.06948   0.13810  
      	     	          	           	          	           	             	                                      	 0.11250   0.65507   0.12899  -0.89655  
  #90	4   	-90837.66719	Yes        	4        	0.503    	0.180    	 0.26041   0.23743   0.24372   0.25844	-0.99142   0.16528   0.71415   0.11199  
      	     	          	           	          	           	             	                                      	 0.18128  -1.06453   0.18215   0.70110  
      	     	          	           	          	           	             	                                      	 0.76307   0.17745  -1.07229   0.13177  
      	     	          	           	          	           	             	                                      	 0.11284   0.64409   0.12426  -0.88119  
  #91	4   	-90758.76376	Yes        	4        	0.860    	0.200    	 0.25750   0.24174   0.24213   0.25863	-0.99032   0.16038   0.71840   0.11155  
      	     	          	           	          	           	             	                                      	 0.17084  -1.04701   0.18772   0.68845  
      	     	          	           	          	           	             	                                      	 0.76398   0.18742  -1.08847   0.13708  
      	     	          	           	          	           	             	                                      	 0.11106   0.64347   0.12833  -0.88286  
  #92	4   	-90229.45663	Yes        	4        	0.494    	0.180    	 0.25872   0.23929   0.24135   0.26064	-0.95978   0.15679   0.70175   0.10124  
      	     	          	           	          	           	             	                                      	 0.16952  -1.08382   0.19919   0.71512  
      	     	          	           	          	           	             	                                      	 0.75224   0.19748  -1.08607   0.13636  
      	     	          	           	          	           	             	                                      	 0.10049   0.65652   0.12626  -0.88327  
  #93	4   	-91001.65977	Yes        	4        	0.697    	0.200    	 0.25842   0.24099   0.23914   0.26145	-0.93067   0.16599   0.66100   0.10368  
      	     	          	           	          	           	             	                                      	 0.17799  -1.09822   0.17525   0.74498  
      	     	          	           	          	           	             	                                      	 0.71428   0.17660  -1.04867   0.15779  
      	     	          	           	          	           	             	                                      	 0.10248   0.68668   0.14432  -0.93348  
  #94	4   	-90766.92699	Yes        	4        	0.533    	0.199    	 0.26564   0.23976   0.23811   0.25650	-0.95290   0.14352   0.70366   0.10572  
      	     	          	           	          	           	             	                                      	 0.15901  -1.06017   0.19838   0.70278  
      	     	          	           	          	           	             	                                      	 0.78502   0.19975  -1.11419   0.12942  
      	     	          	           	          	           	             	                                      	 0.10948   0.65691   0.12014  -0.88654  
  #95	4   	-90275.35218	Yes        	4        	1.385    	0.203    	 0.25798   0.24001   0.24161   0.26040	-0.97019   0.14396   0.73272   0.09351  
      	     	          	           	          	           	             	                                      	 0.15475  -1.05756   0.15816   0.74465  
      	     	          	           	          	           	             	                                      	 0.78236   0.15711  -1.07616   0.13669  
      	     	          	           	          	           	             	                                      	 0.09265   0.68634   0.12683  -0.90581  
  #96	4   	-90249.19244	Yes        	4        	0.586    	0.200    	 0.25957   0.23845   0.24236   0.25962	-0.92075   0.14454   0.64975   0.12646  
      	     	          	           	          	           	             	                                      	 0.15734  -1.09142   0.20247   0.73160  
      	     	          	           	          	           	             	                                      	 0.69591   0.19920  -1.05302   0.15790  
      	     	          	           	          	           	             	                                      	 0.12644   0.67193   0.14740  -0.94578  
  #97	4   	-90593.56713	Yes        	4        	0.799    	0.200    	 0.25923   0.23752   0.24205   0.26121	-0.93902   0.16339   0.67947   0.09616  
      	     	          	           	          	           	             	                                      	 0.17832  -1.10932   0.21412   0.71688  
      	     	          	           	          	           	             	                                      	 0.72770   0.21011  -1.08427   0.14646  
      	     	          	           	          	           	             	                                      	 0.09543   0.65187   0.13572  -0.88302  
  #98	4   	-90572.33396	Yes        	4        	0.794    	0.200    	 0.25830   0.24087   0.24377   0.25706	-0.95396   0.15191   0.69491   0.10715  
      	     	          	           	          	           	             	                                      	 0.16290  -1.07546   0.17358   0.73899  
      	     	          	           	          	           	             	                                      	 0.73631   0.17151  -1.04641   0.13859  
      	     	          	           	          	           	             	                                      	 0.10767   0.69245   0.13143  -0.93154  
  #99	4   	-91140.36229	Yes        	4        	2.536    	0.196    	 0.25896   0.23923   0.24391   0.25791	-0.96348   0.15866   0.69933   0.10550  
      	     	          	           	          	           	             	                                      	 0.17174  -1.06643   0.18108   0.71361  
      	     	          	           	          	           	             	                                      	 0.74249   0.17761  -1.06959   0.14949  
      	     	          	           	          	           	             	                                      	 0.10593   0.66193   0.14137  -0.90923  
  #100	4   	-90064.45555	Yes        	4        	1.011    	0.200    	 0.25757   0.23753   0.24281   0.26209	-0.92965   0.15470   0.65214   0.12281  
      	     	          	           	          	           	             	                                      	 0.16776  -1.11591   0.20126   0.74689  
      	     	          	           	          	           	             	                                      	 0.69177   0.19688  -1.03418   0.14553  
      	     	          	           	          	           	             	                                      	 0.12069   0.67690   0.13483  -0.93242  
