. Sequence file : [Hominid_ENAM.phy]

. Model of nucleotides substitution : GTR

. Initial tree : [BioNJ]


. Data	Nb of 	Likelihood	Discrete   	Number of 	Gamma shape	Proportion of	Nucleotides frequencies               	Instantaneous rate matrix              	
  set	taxa	loglk     	gamma model	categories	parameter  	invariant    	f(A)      f(C)      f(G)      f(T)    	[A---------C---------G---------T------]	

  #1	4   	-28789.96141	Yes        	4        	0.228    	0.200    	 0.31470   0.19544   0.18475   0.30511	-0.83899   0.09422   0.62594   0.11883  
      	     	          	           	          	           	             	                                      	 0.15171  -1.21270   0.14394   0.91705  
      	     	          	           	          	           	             	                                      	 1.06618   0.15226  -1.37332   0.15488  
      	     	          	           	          	           	             	                                      	 0.12256   0.58742   0.09378  -0.80377  
  #2	4   	-28821.42306	Yes        	4        	0.362    	0.188    	 0.31651   0.19657   0.18570   0.30121	-0.88310   0.10718   0.66659   0.10933  
      	     	          	           	          	           	             	                                      	 0.17257  -1.10352   0.25560   0.67535  
      	     	          	           	          	           	             	                                      	 1.13614   0.27056  -1.60858   0.20189  
      	     	          	           	          	           	             	                                      	 0.11489   0.44073   0.12447  -0.68008  
  #3	4   	-29132.49770	Yes        	4        	0.614    	0.195    	 0.31654   0.20122   0.18339   0.29885	-0.82811   0.12955   0.58065   0.11791  
      	     	          	           	          	           	             	                                      	 0.20380  -1.18872   0.21363   0.77129  
      	     	          	           	          	           	             	                                      	 1.00225   0.23440  -1.45304   0.21639  
      	     	          	           	          	           	             	                                      	 0.12489   0.51932   0.13279  -0.77699  
  #4	4   	-28867.49698	Yes        	4        	0.623    	0.195    	 0.31891   0.19366   0.18255   0.30488	-0.81059   0.11153   0.58094   0.11811  
      	     	          	           	          	           	             	                                      	 0.18367  -1.22615   0.22793   0.81455  
      	     	          	           	          	           	             	                                      	 1.01492   0.24181  -1.47368   0.21695  
      	     	          	           	          	           	             	                                      	 0.12355   0.51741   0.12990  -0.77086  
  #5	4   	-28596.47268	Yes        	4        	0.313    	0.207    	 0.32000   0.20158   0.17925   0.29918	-0.79734   0.10578   0.56819   0.12337  
      	     	          	           	          	           	             	                                      	 0.16792  -1.19840   0.23220   0.79828  
      	     	          	           	          	           	             	                                      	 1.01437   0.26112  -1.48265   0.20716  
      	     	          	           	          	           	             	                                      	 0.13196   0.53785   0.12412  -0.79392  
  #6	4   	-28801.11829	Yes        	4        	0.357    	0.188    	 0.31470   0.20435   0.18389   0.29706	-0.85285   0.11046   0.61043   0.13196  
      	     	          	           	          	           	             	                                      	 0.17010  -1.10404   0.22069   0.71325  
      	     	          	           	          	           	             	                                      	 1.04465   0.24525  -1.51156   0.22166  
      	     	          	           	          	           	             	                                      	 0.13979   0.49065   0.13721  -0.76765  
  #7	4   	-28938.69416	Yes        	4        	0.909    	0.199    	 0.30977   0.19785   0.18662   0.30576	-0.87425   0.09740   0.66024   0.11661  
      	     	          	           	          	           	             	                                      	 0.15250  -1.07943   0.20430   0.72264  
      	     	          	           	          	           	             	                                      	 1.09594   0.21660  -1.55791   0.24537  
      	     	          	           	          	           	             	                                      	 0.11814   0.46760   0.14976  -0.73549  
  #8	4   	-28826.79444	Yes        	4        	1.068    	0.200    	 0.31396   0.20031   0.18416   0.30156	-0.84629   0.13167   0.60613   0.10849  
      	     	          	           	          	           	             	                                      	 0.20638  -1.21683   0.20559   0.80486  
      	     	          	           	          	           	             	                                      	 1.03333   0.22361  -1.43012   0.17318  
      	     	          	           	          	           	             	                                      	 0.11295   0.53462   0.10576  -0.75333  
  #9	4   	-28748.08973	Yes        	4        	0.844    	0.199    	 0.31691   0.20103   0.18123   0.30083	-0.82773   0.10064   0.58453   0.14256  
      	     	          	           	          	           	             	                                      	 0.15865  -1.16208   0.20067   0.80275  
      	     	          	           	          	           	             	                                      	 1.02212   0.22259  -1.44318   0.19848  
      	     	          	           	          	           	             	                                      	 0.15018   0.53643   0.11957  -0.80618  
  #10	4   	-28847.76714	Yes        	4        	0.539    	0.194    	 0.31169   0.19660   0.18518   0.30653	-0.85478   0.10852   0.63021   0.11605  
      	     	          	           	          	           	             	                                      	 0.17205  -1.19032   0.19781   0.82045  
      	     	          	           	          	           	             	                                      	 1.06079   0.21002  -1.45106   0.18025  
      	     	          	           	          	           	             	                                      	 0.11800   0.52621   0.10889  -0.75311  
  #11	4   	-29011.69751	Yes        	4        	0.733    	0.197    	 0.31883   0.19857   0.18712   0.29548	-0.90269   0.10889   0.64507   0.14873  
      	     	          	           	          	           	             	                                      	 0.17482  -1.07821   0.19089   0.71250  
      	     	          	           	          	           	             	                                      	 1.09913   0.20258  -1.47704   0.17533  
      	     	          	           	          	           	             	                                      	 0.16048   0.47883   0.11103  -0.75034  
  #12	4   	-28630.13436	Yes        	4        	0.490    	0.192    	 0.31163   0.20721   0.17999   0.30118	-0.86119   0.06076   0.66161   0.13882  
      	     	          	           	          	           	             	                                      	 0.09138  -1.08133   0.17349   0.81646  
      	     	          	           	          	           	             	                                      	 1.14550   0.19973  -1.49249   0.14725  
      	     	          	           	          	           	             	                                      	 0.14364   0.56172   0.08800  -0.79336  
  #13	4   	-28675.63530	Yes        	4        	0.810    	0.198    	 0.31663   0.19516   0.18393   0.30428	-0.92122   0.11688   0.69098   0.11336  
      	     	          	           	          	           	             	                                      	 0.18962  -1.10421   0.17627   0.73832  
      	     	          	           	          	           	             	                                      	 1.18951   0.18704  -1.53867   0.16213  
      	     	          	           	          	           	             	                                      	 0.11796   0.47356   0.09800  -0.68952  
  #14	4   	-29061.95267	Yes        	4        	0.577    	0.194    	 0.31671   0.19598   0.18131   0.30600	-0.78271   0.12440   0.52142   0.13688  
      	     	          	           	          	           	             	                                      	 0.20103  -1.26969   0.20655   0.86211  
      	     	          	           	          	           	             	                                      	 0.91081   0.22326  -1.36940   0.23534  
      	     	          	           	          	           	             	                                      	 0.14167   0.55216   0.13944  -0.83328  
  #15	4   	-28928.58921	Yes        	4        	0.490    	0.191    	 0.31573   0.20050   0.18477   0.29900	-0.84202   0.10744   0.63716   0.09742  
      	     	          	           	          	           	             	                                      	 0.16919  -1.16913   0.20763   0.79231  
      	     	          	           	          	           	             	                                      	 1.08878   0.22530  -1.49625   0.18218  
      	     	          	           	          	           	             	                                      	 0.10287   0.53129   0.11258  -0.74674  
  #16	4   	-28742.43097	Yes        	4        	0.448    	0.192    	 0.31663   0.19904   0.18743   0.29689	-0.88539   0.13186   0.62795   0.12558  
      	     	          	           	          	           	             	                                      	 0.20975  -1.09336   0.20196   0.68165  
      	     	          	           	          	           	             	                                      	 1.06081   0.21447  -1.50887   0.23359  
      	     	          	           	          	           	             	                                      	 0.13393   0.45698   0.14747  -0.73838  
  #17	4   	-28929.96872	Yes        	4        	1.826    	0.204    	 0.31080   0.19965   0.18987   0.29969	-0.87461   0.13245   0.62655   0.11561  
      	     	          	           	          	           	             	                                      	 0.20619  -1.13686   0.19657   0.73409  
      	     	          	           	          	           	             	                                      	 1.02562   0.20670  -1.45546   0.22314  
      	     	          	           	          	           	             	                                      	 0.11989   0.48904   0.14137  -0.75031  
  #18	4   	-28854.41896	Yes        	4        	0.735    	0.197    	 0.31566   0.20250   0.18528   0.29657	-0.82079   0.09363   0.64015   0.08701  
      	     	          	           	          	           	             	                                      	 0.14595  -1.11548   0.21256   0.75697  
      	     	          	           	          	           	             	                                      	 1.09063   0.23232  -1.56357   0.24062  
      	     	          	           	          	           	             	                                      	 0.09261   0.51687   0.15033  -0.75981  
  #19	4   	-28869.31769	Yes        	4        	0.316    	0.186    	 0.31483   0.19912   0.18747   0.29858	-0.77983   0.10993   0.53863   0.13127  
      	     	          	           	          	           	             	                                      	 0.17382  -1.24930   0.21848   0.85700  
      	     	          	           	          	           	             	                                      	 0.90456   0.23205  -1.35178   0.21517  
      	     	          	           	          	           	             	                                      	 0.13841   0.57152   0.13510  -0.84502  
  #20	4   	-28851.13386	Yes        	4        	0.716    	0.197    	 0.31519   0.20250   0.18252   0.29979	-0.83385   0.10570   0.63269   0.09546  
      	     	          	           	          	           	             	                                      	 0.16451  -1.13382   0.18289   0.78642  
      	     	          	           	          	           	             	                                      	 1.09259   0.20292  -1.51955   0.22404  
      	     	          	           	          	           	             	                                      	 0.10037   0.53121   0.13640  -0.76798  
  #21	4   	-28841.71064	Yes        	4        	0.733    	0.197    	 0.31582   0.20152   0.18191   0.30075	-0.81908   0.09674   0.58597   0.13637  
      	     	          	           	          	           	             	                                      	 0.15161  -1.16530   0.22675   0.78694  
      	     	          	           	          	           	             	                                      	 1.01730   0.25119  -1.47212   0.20363  
      	     	          	           	          	           	             	                                      	 0.14320   0.52729   0.12316  -0.79365  
  #22	4   	-28856.95248	Yes        	4        	0.480    	0.191    	 0.31480   0.19854   0.18532   0.30135	-0.85624   0.10302   0.63297   0.12025  
      	     	          	           	          	           	             	                                      	 0.16335  -1.15220   0.22196   0.76689  
      	     	          	           	          	           	             	                                      	 1.07522   0.23780  -1.49721   0.18420  
      	     	          	           	          	           	             	                                      	 0.12562   0.50524   0.11328  -0.74414  
  #23	4   	-28823.11420	Yes        	4        	0.285    	0.206    	 0.31163   0.20301   0.17905   0.30631	-0.86238   0.11167   0.63693   0.11378  
      	     	          	           	          	           	             	                                      	 0.17142  -1.13936   0.25149   0.71645  
      	     	          	           	          	           	             	                                      	 1.10856   0.28514  -1.58779   0.19410  
      	     	          	           	          	           	             	                                      	 0.11576   0.47484   0.11346  -0.70406  
  #24	4   	-28832.56766	Yes        	4        	3.922    	0.197    	 0.31548   0.20044   0.18408   0.30001	-0.75400   0.07965   0.56043   0.11392  
      	     	          	           	          	           	             	                                      	 0.12536  -1.20729   0.23818   0.84376  
      	     	          	           	          	           	             	                                      	 0.96048   0.25935  -1.46577   0.24594  
      	     	          	           	          	           	             	                                      	 0.11979   0.56372   0.15090  -0.83441  
  #25	4   	-28790.72284	Yes        	4        	0.206    	0.255    	 0.31343   0.20538   0.17983   0.30135	-0.85245   0.09764   0.62612   0.12869  
      	     	          	           	          	           	             	                                      	 0.14901  -1.14622   0.17371   0.82350  
      	     	          	           	          	           	             	                                      	 1.09129   0.19840  -1.44540   0.15571  
      	     	          	           	          	           	             	                                      	 0.13385   0.56125   0.09292  -0.78802  
  #26	4   	-28870.42713	Yes        	4        	0.830    	0.198    	 0.31722   0.19886   0.18065   0.30327	-0.86774   0.12627   0.62320   0.11827  
      	     	          	           	          	           	             	                                      	 0.20143  -1.15160   0.20301   0.74716  
      	     	          	           	          	           	             	                                      	 1.09437   0.22348  -1.51594   0.19808  
      	     	          	           	          	           	             	                                      	 0.12371   0.48992   0.11799  -0.73162  
  #27	4   	-28729.44225	Yes        	4        	0.802    	0.198    	 0.31711   0.20204   0.18608   0.29477	-0.83871   0.13178   0.60602   0.10091  
      	     	          	           	          	           	             	                                      	 0.20683  -1.17413   0.23204   0.73526  
      	     	          	           	          	           	             	                                      	 1.03275   0.25195  -1.49217   0.20747  
      	     	          	           	          	           	             	                                      	 0.10855   0.50395   0.13097  -0.74347  
  #28	4   	-29007.30294	Yes        	4        	0.331    	0.207    	 0.31127   0.20387   0.18610   0.29876	-0.86998   0.15410   0.62449   0.09138  
      	     	          	           	          	           	             	                                      	 0.23529  -1.17733   0.21349   0.72855  
      	     	          	           	          	           	             	                                      	 1.04453   0.23387  -1.47803   0.19964  
      	     	          	           	          	           	             	                                      	 0.09521   0.49714   0.12435  -0.71670  
  #29	4   	-28828.66425	Yes        	4        	0.899    	0.199    	 0.31539   0.19474   0.18462   0.30524	-0.89717   0.10922   0.67726   0.11069  
      	     	          	           	          	           	             	                                      	 0.17689  -1.11842   0.21106   0.73047  
      	     	          	           	          	           	             	                                      	 1.15698   0.22262  -1.56204   0.18244  
      	     	          	           	          	           	             	                                      	 0.11437   0.46603   0.11035  -0.69075  
  #30	4   	-28953.85546	Yes        	4        	0.286    	0.183    	 0.31214   0.20065   0.18776   0.29946	-0.82982   0.10864   0.59678   0.12440  
      	     	          	           	          	           	             	                                      	 0.16901  -1.21797   0.18955   0.85942  
      	     	          	           	          	           	             	                                      	 0.99213   0.20256  -1.35720   0.16251  
      	     	          	           	          	           	             	                                      	 0.12966   0.57583   0.10189  -0.80738  
  #31	4   	-28843.00251	Yes        	4        	0.721    	0.198    	 0.31531   0.19600   0.18551   0.30318	-0.93315   0.13595   0.70842   0.08879  
      	     	          	           	          	           	             	                                      	 0.21871  -1.05454   0.16387   0.67197  
      	     	          	           	          	           	             	                                      	 1.20410   0.17313  -1.60334   0.22611  
      	     	          	           	          	           	             	                                      	 0.09234   0.43440   0.13835  -0.66509  
  #32	4   	-28676.98388	Yes        	4        	0.361    	0.188    	 0.32100   0.19540   0.18009   0.30351	-0.87774   0.08254   0.66321   0.13199  
      	     	          	           	          	           	             	                                      	 0.13559  -1.07834   0.22238   0.72037  
      	     	          	           	          	           	             	                                      	 1.18212   0.24128  -1.61237   0.18896  
      	     	          	           	          	           	             	                                      	 0.13960   0.46378   0.11212  -0.71551  
  #33	4   	-28905.50249	Yes        	4        	0.759    	0.198    	 0.31675   0.20309   0.18239   0.29777	-0.79926   0.08978   0.59690   0.11258  
      	     	          	           	          	           	             	                                      	 0.14003  -1.19258   0.21751   0.83504  
      	     	          	           	          	           	             	                                      	 1.03661   0.24219  -1.46015   0.18134  
      	     	          	           	          	           	             	                                      	 0.11975   0.56952   0.11107  -0.80034  
  #34	4   	-28674.56842	Yes        	4        	0.351    	0.189    	 0.31188   0.20032   0.18530   0.30250	-0.79233   0.09810   0.58361   0.11062  
      	     	          	           	          	           	             	                                      	 0.15273  -1.23144   0.25073   0.82798  
      	     	          	           	          	           	             	                                      	 0.98231   0.27106  -1.45196   0.19858  
      	     	          	           	          	           	             	                                      	 0.11405   0.54831   0.12164  -0.78400  
  #35	4   	-28762.52131	Yes        	4        	0.386    	0.190    	 0.31723   0.19864   0.18205   0.30208	-0.79175   0.10372   0.59304   0.09498  
      	     	          	           	          	           	             	                                      	 0.16564  -1.19397   0.26469   0.76364  
      	     	          	           	          	           	             	                                      	 1.03341   0.28883  -1.56704   0.24480  
      	     	          	           	          	           	             	                                      	 0.09974   0.50215   0.14753  -0.74942  
  #36	4   	-28904.53979	Yes        	4        	0.491    	0.192    	 0.31606   0.19751   0.18628   0.30015	-0.82528   0.14151   0.59668   0.08708  
      	     	          	           	          	           	             	                                      	 0.22646  -1.20189   0.23663   0.73880  
      	     	          	           	          	           	             	                                      	 1.01239   0.25089  -1.51294   0.24966  
      	     	          	           	          	           	             	                                      	 0.09170   0.48615   0.15495  -0.73279  
  #37	4   	-28817.50474	Yes        	4        	0.627    	0.196    	 0.31500   0.19760   0.18579   0.30161	-0.85587   0.13504   0.61247   0.10836  
      	     	          	           	          	           	             	                                      	 0.21527  -1.19644   0.20706   0.77410  
      	     	          	           	          	           	             	                                      	 1.03843   0.22023  -1.45525   0.19660  
      	     	          	           	          	           	             	                                      	 0.11317   0.50714   0.12110  -0.74141  
  #38	4   	-28737.23332	Yes        	4        	1.022    	0.200    	 0.31545   0.20006   0.18836   0.29613	-0.81923   0.09547   0.58322   0.14054  
      	     	          	           	          	           	             	                                      	 0.15053  -1.16158   0.23009   0.78097  
      	     	          	           	          	           	             	                                      	 0.97673   0.24439  -1.42977   0.20865  
      	     	          	           	          	           	             	                                      	 0.14971   0.52762   0.13271  -0.81004  
  #39	4   	-28979.95147	Yes        	4        	0.808    	0.198    	 0.31820   0.19862   0.18255   0.30063	-0.84858   0.08934   0.61569   0.14356  
      	     	          	           	          	           	             	                                      	 0.14312  -1.13163   0.16660   0.82191  
      	     	          	           	          	           	             	                                      	 1.07317   0.18126  -1.43872   0.18429  
      	     	          	           	          	           	             	                                      	 0.15195   0.54303   0.11191  -0.80689  
  #40	4   	-28611.97966	Yes        	4        	0.714    	0.197    	 0.31822   0.19842   0.18267   0.30069	-0.87468   0.13914   0.60759   0.12796  
      	     	          	           	          	           	             	                                      	 0.22314  -1.17397   0.21560   0.73523  
      	     	          	           	          	           	             	                                      	 1.05846   0.23419  -1.47329   0.18064  
      	     	          	           	          	           	             	                                      	 0.13541   0.48515   0.10974  -0.73030  
  #41	4   	-28935.10166	Yes        	4        	0.534    	0.193    	 0.31720   0.20275   0.17956   0.30049	-0.83873   0.12258   0.60543   0.11072  
      	     	          	           	          	           	             	                                      	 0.19178  -1.19496   0.22517   0.77801  
      	     	          	           	          	           	             	                                      	 1.06951   0.25426  -1.49393   0.17016  
      	     	          	           	          	           	             	                                      	 0.11687   0.52497   0.10168  -0.74353  
  #42	4   	-28935.95588	Yes        	4        	0.543    	0.193    	 0.31377   0.19874   0.18374   0.30374	-0.82867   0.10857   0.60906   0.11103  
      	     	          	           	          	           	             	                                      	 0.17141  -1.22875   0.25995   0.79740  
      	     	          	           	          	           	             	                                      	 1.04007   0.28117  -1.48369   0.16245  
      	     	          	           	          	           	             	                                      	 0.11470   0.52175   0.09827  -0.73471  
  #43	4   	-28873.90384	Yes        	4        	0.526    	0.193    	 0.32708   0.19635   0.18382   0.29274	-0.77913   0.12624   0.55217   0.10072  
      	     	          	           	          	           	             	                                      	 0.21029  -1.23444   0.20837   0.81578  
      	     	          	           	          	           	             	                                      	 0.98251   0.22258  -1.44478   0.23969  
      	     	          	           	          	           	             	                                      	 0.11253   0.54718   0.15051  -0.81023  
  #44	4   	-28832.45753	Yes        	4        	0.477    	0.192    	 0.31499   0.19751   0.18107   0.30644	-0.77629   0.10480   0.54177   0.12972  
      	     	          	           	          	           	             	                                      	 0.16713  -1.25450   0.22750   0.85987  
      	     	          	           	          	           	             	                                      	 0.94246   0.24816  -1.41548   0.22486  
      	     	          	           	          	           	             	                                      	 0.13334   0.55421   0.13287  -0.82041  
  #45	4   	-28761.18498	Yes        	4        	0.389    	0.188    	 0.31468   0.19976   0.18130   0.30425	-0.84388   0.09605   0.60145   0.14638  
      	     	          	           	          	           	             	                                      	 0.15130  -1.14701   0.15461   0.84110  
      	     	          	           	          	           	             	                                      	 1.04391   0.17035  -1.41030   0.19604  
      	     	          	           	          	           	             	                                      	 0.15139   0.55223   0.11682  -0.82045  
  #46	4   	-28785.14107	Yes        	4        	0.210    	0.285    	 0.32273   0.19968   0.18705   0.29053	-0.86977   0.10089   0.61279   0.15609  
      	     	          	           	          	           	             	                                      	 0.16306  -1.07898   0.18761   0.72831  
      	     	          	           	          	           	             	                                      	 1.05728   0.20027  -1.45217   0.19461  
      	     	          	           	          	           	             	                                      	 0.17340   0.50057   0.12530  -0.79926  
  #47	4   	-29023.36249	Yes        	4        	2.723    	0.196    	 0.31657   0.19833   0.18427   0.30082	-0.83888   0.10433   0.62522   0.10933  
      	     	          	           	          	           	             	                                      	 0.16653  -1.12992   0.19756   0.76584  
      	     	          	           	          	           	             	                                      	 1.07410   0.21264  -1.52204   0.23531  
      	     	          	           	          	           	             	                                      	 0.11506   0.50492   0.14414  -0.76411  
  #48	4   	-28771.61343	Yes        	4        	0.481    	0.192    	 0.31834   0.19882   0.18222   0.30063	-0.83116   0.08853   0.60192   0.14071  
      	     	          	           	          	           	             	                                      	 0.14174  -1.08621   0.20727   0.73720  
      	     	          	           	          	           	             	                                      	 1.05158   0.22615  -1.53915   0.26142  
      	     	          	           	          	           	             	                                      	 0.14900   0.48754   0.15845  -0.79499  
  #49	4   	-28957.35599	Yes        	4        	0.401    	0.190    	 0.30987   0.20270   0.18333   0.30410	-0.82632   0.11342   0.58717   0.12573  
      	     	          	           	          	           	             	                                      	 0.17338  -1.18583   0.20132   0.81113  
      	     	          	           	          	           	             	                                      	 0.99246   0.22260  -1.42628   0.21123  
      	     	          	           	          	           	             	                                      	 0.12811   0.54067   0.12734  -0.79612  
  #50	4   	-28802.41498	Yes        	4        	1.454    	0.203    	 0.31464   0.19999   0.18666   0.29870	-0.86601   0.11754   0.59357   0.15490  
      	     	          	           	          	           	             	                                      	 0.18492  -1.16131   0.22315   0.75323  
      	     	          	           	          	           	             	                                      	 1.00053   0.23908  -1.41237   0.17275  
      	     	          	           	          	           	             	                                      	 0.16317   0.50432   0.10796  -0.77544  
  #51	4   	-28874.10194	Yes        	4        	1.000    	0.201    	 0.31556   0.19755   0.18196   0.30493	-0.86437   0.11649   0.62741   0.12046  
      	     	          	           	          	           	             	                                      	 0.18607  -1.11081   0.21040   0.71434  
      	     	          	           	          	           	             	                                      	 1.08809   0.22843  -1.56141   0.24488  
      	     	          	           	          	           	             	                                      	 0.12466   0.46279   0.14612  -0.73357  
  #52	4   	-28512.50122	Yes        	4        	0.199    	0.203    	 0.31944   0.20444   0.17965   0.29646	-0.84923   0.08017   0.61569   0.15336  
      	     	          	           	          	           	             	                                      	 0.12527  -1.08917   0.19511   0.76880  
      	     	          	           	          	           	             	                                      	 1.09477   0.22203  -1.49301   0.17621  
      	     	          	           	          	           	             	                                      	 0.16525   0.53017   0.10678  -0.80221  
  #53	4   	-28819.57708	Yes        	4        	0.389    	0.189    	 0.31952   0.19755   0.17932   0.30361	-0.82691   0.12012   0.59777   0.10902  
      	     	          	           	          	           	             	                                      	 0.19428  -1.21004   0.20003   0.81572  
      	     	          	           	          	           	             	                                      	 1.06514   0.22037  -1.48138   0.19587  
      	     	          	           	          	           	             	                                      	 0.11473   0.53077   0.11569  -0.76118  
  #54	4   	-28743.28804	Yes        	4        	1.447    	0.203    	 0.31525   0.19670   0.18130   0.30675	-0.83363   0.08587   0.58877   0.15899  
      	     	          	           	          	           	             	                                      	 0.13763  -1.14096   0.22439   0.77894  
      	     	          	           	          	           	             	                                      	 1.02374   0.24344  -1.48694   0.21976  
      	     	          	           	          	           	             	                                      	 0.16340   0.49949   0.12989  -0.79278  
  #55	4   	-28707.52649	Yes        	4        	0.768    	0.198    	 0.31669   0.19675   0.18590   0.30066	-0.83727   0.11017   0.58328   0.14382  
      	     	          	           	          	           	             	                                      	 0.17733  -1.11255   0.22261   0.71261  
      	     	          	           	          	           	             	                                      	 0.99361   0.23560  -1.50271   0.27350  
      	     	          	           	          	           	             	                                      	 0.15149   0.46633   0.16911  -0.78692  
  #56	4   	-28962.58679	Yes        	4        	0.615    	0.195    	 0.31958   0.19757   0.18460   0.29824	-0.81643   0.12208   0.56655   0.12780  
      	     	          	           	          	           	             	                                      	 0.19747  -1.21929   0.17419   0.84762  
      	     	          	           	          	           	             	                                      	 0.98081   0.18643  -1.36877   0.20153  
      	     	          	           	          	           	             	                                      	 0.13694   0.56150   0.12474  -0.82318  
  #57	4   	-28872.98522	Yes        	4        	1.275    	0.202    	 0.30988   0.20256   0.18507   0.30249	-0.86444   0.09612   0.65880   0.10953  
      	     	          	           	          	           	             	                                      	 0.14704  -1.15062   0.21251   0.79107  
      	     	          	           	          	           	             	                                      	 1.10308   0.23259  -1.49152   0.15585  
      	     	          	           	          	           	             	                                      	 0.11220   0.52973   0.09535  -0.73729  
  #58	4   	-28784.87758	Yes        	4        	1.520    	0.203    	 0.31930   0.20005   0.18344   0.29720	-0.84129   0.08783   0.63759   0.11587  
      	     	          	           	          	           	             	                                      	 0.14018  -1.13345   0.24971   0.74356  
      	     	          	           	          	           	             	                                      	 1.10980   0.27233  -1.56021   0.17808  
      	     	          	           	          	           	             	                                      	 0.12448   0.50051   0.10992  -0.73491  
  #59	4   	-28870.53720	Yes        	4        	0.368    	0.188    	 0.31252   0.20346   0.18641   0.29761	-0.80880   0.09041   0.60602   0.11236  
      	     	          	           	          	           	             	                                      	 0.13888  -1.14042   0.17544   0.82611  
      	     	          	           	          	           	             	                                      	 1.01602   0.19149  -1.44065   0.23314  
      	     	          	           	          	           	             	                                      	 0.11799   0.56476   0.14603  -0.82878  
  #60	4   	-28912.00481	Yes        	4        	0.410    	0.189    	 0.31677   0.19695   0.17936   0.30692	-0.77957   0.10053   0.55556   0.12348  
      	     	          	           	          	           	             	                                      	 0.16170  -1.22186   0.19611   0.86406  
      	     	          	           	          	           	             	                                      	 0.98119   0.21534  -1.44326   0.24673  
      	     	          	           	          	           	             	                                      	 0.12745   0.55446   0.14419  -0.82610  
  #61	4   	-28881.60502	Yes        	4        	0.373    	0.188    	 0.32041   0.19452   0.19136   0.29370	-0.82257   0.10352   0.62948   0.08957  
      	     	          	           	          	           	             	                                      	 0.17052  -1.19387   0.27350   0.74986  
      	     	          	           	          	           	             	                                      	 1.05400   0.27801  -1.52730   0.19529  
      	     	          	           	          	           	             	                                      	 0.09772   0.49664   0.12724  -0.72160  
  #62	4   	-28983.97180	Yes        	4        	0.432    	0.190    	 0.31014   0.20284   0.18380   0.30322	-0.89297   0.13809   0.62617   0.12871  
      	     	          	           	          	           	             	                                      	 0.21113  -1.14898   0.19749   0.74036  
      	     	          	           	          	           	             	                                      	 1.05658   0.21795  -1.45311   0.17858  
      	     	          	           	          	           	             	                                      	 0.13165   0.49526   0.10825  -0.73516  
  #63	4   	-28808.62834	Yes        	4        	0.485    	0.192    	 0.31460   0.20593   0.18463   0.29484	-0.82883   0.10453   0.62593   0.09837  
      	     	          	           	          	           	             	                                      	 0.15970  -1.12435   0.19357   0.77108  
      	     	          	           	          	           	             	                                      	 1.06654   0.21590  -1.50234   0.21989  
      	     	          	           	          	           	             	                                      	 0.10496   0.53856   0.13770  -0.78122  
  #64	4   	-28646.74295	Yes        	4        	0.869    	0.199    	 0.31355   0.20306   0.18457   0.29883	-0.87184   0.12349   0.62305   0.12529  
      	     	          	           	          	           	             	                                      	 0.19068  -1.14309   0.21418   0.73823  
      	     	          	           	          	           	             	                                      	 1.05846   0.23564  -1.47421   0.18011  
      	     	          	           	          	           	             	                                      	 0.13146   0.50164   0.11124  -0.74435  
  #65	4   	-28492.74956	Yes        	4        	0.472    	0.193    	 0.31158   0.19910   0.19005   0.29927	-0.85054   0.09490   0.62875   0.12689  
      	     	          	           	          	           	             	                                      	 0.14851  -1.15867   0.20946   0.80070  
      	     	          	           	          	           	             	                                      	 1.03084   0.21944  -1.42844   0.17816  
      	     	          	           	          	           	             	                                      	 0.13211   0.53271   0.11314  -0.77796  
  #66	4   	-29010.60546	Yes        	4        	0.731    	0.197    	 0.31901   0.20036   0.18683   0.29381	-0.83181   0.11692   0.59721   0.11767  
      	     	          	           	          	           	             	                                      	 0.18616  -1.15602   0.17928   0.79058  
      	     	          	           	          	           	             	                                      	 1.01975   0.19226  -1.42785   0.21584  
      	     	          	           	          	           	             	                                      	 0.12777   0.53913   0.13725  -0.80415  
  #67	4   	-28915.20199	Yes        	4        	0.602    	0.194    	 0.31723   0.19502   0.18682   0.30092	-0.84840   0.11584   0.61542   0.11715  
      	     	          	           	          	           	             	                                      	 0.18843  -1.14680   0.15356   0.80482  
      	     	          	           	          	           	             	                                      	 1.04500   0.16030  -1.44058   0.23528  
      	     	          	           	          	           	             	                                      	 0.12349   0.52159   0.14607  -0.79115  
  #68	4   	-29003.48243	Yes        	4        	1.125    	0.201    	 0.31698   0.19790   0.18501   0.30010	-0.81168   0.10394   0.60601   0.10173  
      	     	          	           	          	           	             	                                      	 0.16649  -1.18426   0.26854   0.74923  
      	     	          	           	          	           	             	                                      	 1.03827   0.28725  -1.54870   0.22318  
      	     	          	           	          	           	             	                                      	 0.10745   0.49408   0.13759  -0.73912  
  #69	4   	-28824.95981	Yes        	4        	0.760    	0.198    	 0.31786   0.19861   0.18674   0.29678	-0.85488   0.07873   0.61862   0.15754  
      	     	          	           	          	           	             	                                      	 0.12600  -1.08718   0.19335   0.76783  
      	     	          	           	          	           	             	                                      	 1.05298   0.20564  -1.45870   0.20008  
      	     	          	           	          	           	             	                                      	 0.16873   0.51384   0.12590  -0.80846  
  #70	4   	-28716.09629	Yes        	4        	0.984    	0.200    	 0.31538   0.20352   0.17916   0.30193	-0.82777   0.10450   0.59045   0.13282  
      	     	          	           	          	           	             	                                      	 0.16193  -1.16612   0.21176   0.79243  
      	     	          	           	          	           	             	                                      	 1.03937   0.24054  -1.47282   0.19291  
      	     	          	           	          	           	             	                                      	 0.13874   0.53415   0.11447  -0.78736  
  #71	4   	-28629.64574	Yes        	4        	1.398    	0.203    	 0.31058   0.20835   0.18121   0.29986	-0.83981   0.10191   0.64753   0.09037  
      	     	          	           	          	           	             	                                      	 0.15191  -1.09272   0.19360   0.74720  
      	     	          	           	          	           	             	                                      	 1.10980   0.22260  -1.57057   0.23817  
      	     	          	           	          	           	             	                                      	 0.09360   0.51917   0.14393  -0.75669  
  #72	4   	-28943.94649	Yes        	4        	0.519    	0.193    	 0.31168   0.19937   0.18621   0.30274	-0.83884   0.09691   0.63284   0.10910  
      	     	          	           	          	           	             	                                      	 0.15150  -1.11787   0.21504   0.75132  
      	     	          	           	          	           	             	                                      	 1.05922   0.23024  -1.53588   0.24642  
      	     	          	           	          	           	             	                                      	 0.11232   0.49478   0.15157  -0.75867  
  #73	4   	-28544.46287	Yes        	4        	0.484    	0.192    	 0.32047   0.20114   0.17793   0.30046	-0.88263   0.12483   0.61638   0.14141  
      	     	          	           	          	           	             	                                      	 0.19890  -1.13362   0.23006   0.70466  
      	     	          	           	          	           	             	                                      	 1.11021   0.26007  -1.53402   0.16374  
      	     	          	           	          	           	             	                                      	 0.15083   0.47171   0.09696  -0.71951  
  #74	4   	-28867.66734	Yes        	4        	0.814    	0.198    	 0.31922   0.20033   0.18240   0.29805	-0.87740   0.13617   0.62446   0.11677  
      	     	          	           	          	           	             	                                      	 0.21699  -1.08244   0.22706   0.63839  
      	     	          	           	          	           	             	                                      	 1.09289   0.24938  -1.59744   0.25517  
      	     	          	           	          	           	             	                                      	 0.12507   0.42907   0.15615  -0.71029  
  #75	4   	-28560.67789	Yes        	4        	0.256    	0.203    	 0.31179   0.20273   0.18364   0.30184	-0.79844   0.12012   0.56699   0.11133  
      	     	          	           	          	           	             	                                      	 0.18473  -1.21628   0.24450   0.78705  
      	     	          	           	          	           	             	                                      	 0.96263   0.26991  -1.46086   0.22832  
      	     	          	           	          	           	             	                                      	 0.11500   0.52863   0.13891  -0.78254  
  #76	4   	-28783.72095	Yes        	4        	0.748    	0.197    	 0.31164   0.20010   0.18640   0.30186	-0.86027   0.13438   0.61008   0.11580  
      	     	          	           	          	           	             	                                      	 0.20928  -1.13626   0.17444   0.75254  
      	     	          	           	          	           	             	                                      	 1.02000   0.18727  -1.45629   0.24902  
      	     	          	           	          	           	             	                                      	 0.11955   0.49886   0.15377  -0.77218  
  #77	4   	-28465.23887	Yes        	4        	0.535    	0.194    	 0.31349   0.19912   0.18086   0.30652	-0.81481   0.14244   0.55666   0.11571  
      	     	          	           	          	           	             	                                      	 0.22425  -1.26490   0.19834   0.84231  
      	     	          	           	          	           	             	                                      	 0.96486   0.21837  -1.38972   0.20649  
      	     	          	           	          	           	             	                                      	 0.11834   0.54718   0.12184  -0.78736  
  #78	4   	-28912.93472	Yes        	4        	0.668    	0.196    	 0.32108   0.20516   0.17620   0.29755	-0.83727   0.10807   0.60491   0.12429  
      	     	          	           	          	           	             	                                      	 0.16913  -1.10905   0.20265   0.73727  
      	     	          	           	          	           	             	                                      	 1.10229   0.23596  -1.55578   0.21754  
      	     	          	           	          	           	             	                                      	 0.13412   0.50835   0.12882  -0.77129  
  #79	4   	-28939.33658	Yes        	4        	382.584    	0.213    	 0.31304   0.19953   0.18848   0.29895	-0.87959   0.10497   0.61964   0.15498  
      	     	          	           	          	           	             	                                      	 0.16468  -1.10552   0.21896   0.72189  
      	     	          	           	          	           	             	                                      	 1.02916   0.23180  -1.45687   0.19591  
      	     	          	           	          	           	             	                                      	 0.16228   0.48182   0.12351  -0.76762  
  #80	4   	-29011.67867	Yes        	4        	0.576    	0.194    	 0.31249   0.19735   0.18497   0.30519	-0.88274   0.09372   0.67594   0.11308  
      	     	          	           	          	           	             	                                      	 0.14840  -1.10566   0.24855   0.70871  
      	     	          	           	          	           	             	                                      	 1.14198   0.26519  -1.59765   0.19048  
      	     	          	           	          	           	             	                                      	 0.11578   0.45829   0.11545  -0.68952  
  #81	4   	-28893.13630	Yes        	4        	0.269    	0.207    	 0.31637   0.19586   0.18387   0.30389	-0.79161   0.07272   0.61094   0.10795  
      	     	          	           	          	           	             	                                      	 0.11745  -1.17438   0.23749   0.81944  
      	     	          	           	          	           	             	                                      	 1.05117   0.25298  -1.53553   0.23138  
      	     	          	           	          	           	             	                                      	 0.11238   0.52814   0.14000  -0.78052  
  #82	4   	-28852.51845	Yes        	4        	0.886    	0.199    	 0.31265   0.20020   0.18262   0.30453	-0.85955   0.13126   0.59662   0.13167  
      	     	          	           	          	           	             	                                      	 0.20499  -1.17920   0.20399   0.77022  
      	     	          	           	          	           	             	                                      	 1.02144   0.22363  -1.44342   0.19835  
      	     	          	           	          	           	             	                                      	 0.13518   0.50635   0.11895  -0.76048  
  #83	4   	-28764.00008	Yes        	4        	0.571    	0.194    	 0.31882   0.19930   0.17721   0.30466	-0.85732   0.11211   0.60690   0.13832  
      	     	          	           	          	           	             	                                      	 0.17933  -1.15242   0.21309   0.76000  
      	     	          	           	          	           	             	                                      	 1.09184   0.23965  -1.51618   0.18469  
      	     	          	           	          	           	             	                                      	 0.14474   0.49718   0.10743  -0.74935  
  #84	4   	-29081.87871	Yes        	4        	0.899    	0.199    	 0.31717   0.19768   0.18613   0.29901	-0.83291   0.10804   0.59865   0.12622  
      	     	          	           	          	           	             	                                      	 0.17335  -1.18828   0.22494   0.78999  
      	     	          	           	          	           	             	                                      	 1.02011   0.23890  -1.44806   0.18906  
      	     	          	           	          	           	             	                                      	 0.13389   0.52228   0.11768  -0.77385  
  #85	4   	-28732.71993	Yes        	4        	0.551    	0.194    	 0.31860   0.19799   0.18454   0.29888	-0.79461   0.14209   0.55525   0.09727  
      	     	          	           	          	           	             	                                      	 0.22866  -1.26312   0.23970   0.79476  
      	     	          	           	          	           	             	                                      	 0.95865   0.25717  -1.44356   0.22774  
      	     	          	           	          	           	             	                                      	 0.10369   0.52648   0.14061  -0.77078  
  #86	4   	-28986.08668	Yes        	4        	0.693    	0.196    	 0.31320   0.20288   0.18163   0.30229	-0.85734   0.12221   0.60673   0.12841  
      	     	          	           	          	           	             	                                      	 0.18866  -1.16765   0.17984   0.79915  
      	     	          	           	          	           	             	                                      	 1.04628   0.20088  -1.42808   0.18092  
      	     	          	           	          	           	             	                                      	 0.13304   0.53634   0.10870  -0.77809  
  #87	4   	-28636.37721	Yes        	4        	1.162    	0.201    	 0.31610   0.19865   0.18627   0.29897	-0.81259   0.09517   0.60380   0.11363  
      	     	          	           	          	           	             	                                      	 0.15143  -1.17873   0.23109   0.79622  
      	     	          	           	          	           	             	                                      	 1.02461   0.24644  -1.48077   0.20972  
      	     	          	           	          	           	             	                                      	 0.12014   0.52904   0.13067  -0.77984  
  #88	4   	-28994.93831	Yes        	4        	0.934    	0.199    	 0.32107   0.19650   0.18500   0.29743	-0.87136   0.10929   0.61238   0.14969  
      	     	          	           	          	           	             	                                      	 0.17857  -1.13082   0.20384   0.74840  
      	     	          	           	          	           	             	                                      	 1.06277   0.21651  -1.45830   0.17902  
      	     	          	           	          	           	             	                                      	 0.16159   0.49443   0.11135  -0.76737  
  #89	4   	-28772.03583	Yes        	4        	0.233    	0.281    	 0.31926   0.19632   0.18177   0.30266	-0.82524   0.10355   0.59263   0.12906  
      	     	          	           	          	           	             	                                      	 0.16840  -1.20780   0.24155   0.79785  
      	     	          	           	          	           	             	                                      	 1.04090   0.26089  -1.48049   0.17871  
      	     	          	           	          	           	             	                                      	 0.13613   0.51753   0.10733  -0.76099  
  #90	4   	-28857.95746	Yes        	4        	0.360    	0.187    	 0.31250   0.19673   0.18577   0.30500	-0.82873   0.10291   0.61582   0.11001  
      	     	          	           	          	           	             	                                      	 0.16346  -1.14410   0.20749   0.77315  
      	     	          	           	          	           	             	                                      	 1.03590   0.21973  -1.51454   0.25891  
      	     	          	           	          	           	             	                                      	 0.11272   0.49871   0.15770  -0.76913  
  #91	4   	-28816.94037	Yes        	4        	0.418    	0.191    	 0.31663   0.20320   0.18375   0.29642	-0.83347   0.11219   0.58027   0.14101  
      	     	          	           	          	           	             	                                      	 0.17482  -1.13528   0.20583   0.75463  
      	     	          	           	          	           	             	                                      	 0.99989   0.22761  -1.45025   0.22275  
      	     	          	           	          	           	             	                                      	 0.15063   0.51732   0.13809  -0.80603  
  #92	4   	-29085.51084	Yes        	4        	0.539    	0.194    	 0.31513   0.20436   0.18398   0.29653	-0.82733   0.10281   0.60277   0.12174  
      	     	          	           	          	           	             	                                      	 0.15854  -1.12235   0.20020   0.76361  
      	     	          	           	          	           	             	                                      	 1.03246   0.22238  -1.48487   0.23004  
      	     	          	           	          	           	             	                                      	 0.12938   0.52625   0.14273  -0.79835  
  #93	4   	-28822.34892	Yes        	4        	1.497    	0.203    	 0.31529   0.20060   0.18581   0.29830	-0.84690   0.12412   0.60183   0.12095  
      	     	          	           	          	           	             	                                      	 0.19509  -1.17133   0.19858   0.77767  
      	     	          	           	          	           	             	                                      	 1.02122   0.21439  -1.43552   0.19992  
      	     	          	           	          	           	             	                                      	 0.12784   0.52296   0.12452  -0.77532  
  #94	4   	-29016.87001	Yes        	4        	1.848    	0.204    	 0.31452   0.19906   0.18448   0.30193	-0.85469   0.11256   0.61473   0.12740  
      	     	          	           	          	           	             	                                      	 0.17784  -1.12609   0.21125   0.73700  
      	     	          	           	          	           	             	                                      	 1.04803   0.22794  -1.50592   0.22995  
      	     	          	           	          	           	             	                                      	 0.13271   0.48590   0.14050  -0.75911  
  #95	4   	-28847.69191	Yes        	4        	0.379    	0.189    	 0.30848   0.19651   0.18781   0.30720	-0.85914   0.09109   0.63328   0.13478  
      	     	          	           	          	           	             	                                      	 0.14298  -1.17096   0.22021   0.80776  
      	     	          	           	          	           	             	                                      	 1.04019   0.23042  -1.44612   0.17551  
      	     	          	           	          	           	             	                                      	 0.13534   0.51672   0.10729  -0.75935  
  #96	4   	-28859.80274	Yes        	4        	382.584    	0.200    	 0.31365   0.20641   0.17977   0.30016	-0.86254   0.11575   0.60059   0.14620  
      	     	          	           	          	           	             	                                      	 0.17589  -1.09461   0.17177   0.74694  
      	     	          	           	          	           	             	                                      	 1.04786   0.19723  -1.46662   0.22153  
      	     	          	           	          	           	             	                                      	 0.15278   0.51366   0.13268  -0.79911  
  #97	4   	-28669.61773	Yes        	4        	0.291    	0.184    	 0.31873   0.19838   0.18225   0.30064	-0.82736   0.11389   0.61071   0.10275  
      	     	          	           	          	           	             	                                      	 0.18299  -1.20051   0.19888   0.81864  
      	     	          	           	          	           	             	                                      	 1.06801   0.21648  -1.47347   0.18899  
      	     	          	           	          	           	             	                                      	 0.10893   0.54019   0.11457  -0.76369  
  #98	4   	-28902.63064	Yes        	4        	0.536    	0.194    	 0.31504   0.19953   0.18889   0.29653	-0.82200   0.12810   0.55990   0.13399  
      	     	          	           	          	           	             	                                      	 0.20226  -1.17800   0.22994   0.74580  
      	     	          	           	          	           	             	                                      	 0.93383   0.24289  -1.42206   0.24534  
      	     	          	           	          	           	             	                                      	 0.14236   0.50184   0.15629  -0.80049  
  #99	4   	-28815.53765	Yes        	4        	0.404    	0.189    	 0.31899   0.19933   0.18143   0.30025	-0.87549   0.12096   0.63580   0.11874  
      	     	          	           	          	           	             	                                      	 0.19357  -1.14897   0.20772   0.74768  
      	     	          	           	          	           	             	                                      	 1.11783   0.22821  -1.51299   0.16695  
      	     	          	           	          	           	             	                                      	 0.12614   0.49637   0.10088  -0.72340  
  #100	4   	-28704.54199	Yes        	4        	0.483    	0.193    	 0.31888   0.19778   0.18458   0.29876	-0.82136   0.08894   0.58259   0.14982  
      	     	          	           	          	           	             	                                      	 0.14341  -1.13104   0.25537   0.73226  
      	     	          	           	          	           	             	                                      	 1.00646   0.27363  -1.51173   0.23164  
      	     	          	           	          	           	             	                                      	 0.15991   0.48474   0.14311  -0.78776  
