. Sequence file : [Hominid_ALB.phy]

. Model of nucleotides substitution : GTR

. Initial tree : [BioNJ]


. Data	Nb of 	Likelihood	Discrete   	Number of 	Gamma shape	Proportion of	Nucleotides frequencies               	Instantaneous rate matrix              	
  set	taxa	loglk     	gamma model	categories	parameter  	invariant    	f(A)      f(C)      f(G)      f(T)    	[A---------C---------G---------T------]	

  #1	4   	-27708.29614	Yes        	4        	0.413    	0.190    	 0.30034   0.17373   0.18598   0.33994	-0.89536   0.11892   0.65206   0.12438  
      	     	          	           	          	           	             	                                      	 0.20559  -1.26941   0.26917   0.79465  
      	     	          	           	          	           	             	                                      	 1.05303   0.25145  -1.55323   0.24874  
      	     	          	           	          	           	             	                                      	 0.10989   0.40612   0.13608  -0.65210  
  #2	4   	-27749.96448	Yes        	4        	0.137    	0.161    	 0.30934   0.16939   0.18480   0.33648	-0.83635   0.11715   0.62593   0.09327  
      	     	          	           	          	           	             	                                      	 0.21394  -1.39465   0.27536   0.90534  
      	     	          	           	          	           	             	                                      	 1.04773   0.25239  -1.52357   0.22345  
      	     	          	           	          	           	             	                                      	 0.08575   0.45576   0.12272  -0.66423  
  #3	4   	-27384.41334	Yes        	4        	1.143    	0.201    	 0.30791   0.17155   0.17741   0.34313	-0.74976   0.09237   0.55873   0.09866  
      	     	          	           	          	           	             	                                      	 0.16579  -1.49567   0.29383   1.03605  
      	     	          	           	          	           	             	                                      	 0.96975   0.28413  -1.48501   0.23112  
      	     	          	           	          	           	             	                                      	 0.08853   0.51797   0.11949  -0.72600  
  #4	4   	-27475.22735	Yes        	4        	1.191    	0.201    	 0.30093   0.17457   0.18820   0.33629	-0.81817   0.11009   0.59303   0.11505  
      	     	          	           	          	           	             	                                      	 0.18977  -1.44921   0.31297   0.94647  
      	     	          	           	          	           	             	                                      	 0.94825   0.29031  -1.41880   0.18024  
      	     	          	           	          	           	             	                                      	 0.10295   0.49132   0.10087  -0.69514  
  #5	4   	-27807.91736	Yes        	4        	0.948    	0.200    	 0.30679   0.16859   0.18734   0.33727	-0.86987   0.14180   0.62713   0.10094  
      	     	          	           	          	           	             	                                      	 0.25803  -1.36609   0.27311   0.83494  
      	     	          	           	          	           	             	                                      	 1.02698   0.24578  -1.52002   0.24726  
      	     	          	           	          	           	             	                                      	 0.09182   0.41736   0.13734  -0.64652  
  #6	4   	-27758.27663	Yes        	4        	0.398    	0.236    	 0.30283   0.17212   0.18392   0.34113	-0.89191   0.11241   0.66558   0.11391  
      	     	          	           	          	           	             	                                      	 0.19778  -1.32238   0.24139   0.88321  
      	     	          	           	          	           	             	                                      	 1.09593   0.22591  -1.51940   0.19756  
      	     	          	           	          	           	             	                                      	 0.10112   0.44564   0.10651  -0.65327  
  #7	4   	-27525.91254	Yes        	4        	0.343    	0.206    	 0.30497   0.17018   0.18642   0.33843	-0.87720   0.09316   0.67869   0.10534  
      	     	          	           	          	           	             	                                      	 0.16695  -1.25042   0.21104   0.87243  
      	     	          	           	          	           	             	                                      	 1.11031   0.19266  -1.56099   0.25802  
      	     	          	           	          	           	             	                                      	 0.09493   0.43868   0.14212  -0.67574  
  #8	4   	-27768.13303	Yes        	4        	0.426    	0.190    	 0.31019   0.17506   0.17895   0.33580	-0.76820   0.09588   0.55867   0.11366  
      	     	          	           	          	           	             	                                      	 0.16988  -1.41588   0.29634   0.94966  
      	     	          	           	          	           	             	                                      	 0.96835   0.28990  -1.50180   0.24355  
      	     	          	           	          	           	             	                                      	 0.10499   0.49510   0.12979  -0.72988  
  #9	4   	-27589.96445	Yes        	4        	0.532    	0.193    	 0.30856   0.17349   0.17600   0.34195	-0.81470   0.12224   0.60402   0.08844  
      	     	          	           	          	           	             	                                      	 0.21741  -1.38036   0.22013   0.94282  
      	     	          	           	          	           	             	                                      	 1.05894   0.21698  -1.54219   0.26626  
      	     	          	           	          	           	             	                                      	 0.07980   0.47833   0.13705  -0.69517  
  #10	4   	-27226.84965	Yes        	4        	0.309    	0.204    	 0.31055   0.17221   0.18019   0.33705	-0.84088   0.11756   0.62394   0.09938  
      	     	          	           	          	           	             	                                      	 0.21201  -1.33322   0.24204   0.87918  
      	     	          	           	          	           	             	                                      	 1.07532   0.23132  -1.56072   0.25409  
      	     	          	           	          	           	             	                                      	 0.09156   0.44919   0.13584  -0.67659  
  #11	4   	-27428.08411	Yes        	4        	0.556    	0.194    	 0.30110   0.17136   0.18612   0.34141	-0.82766   0.14314   0.60229   0.08222  
      	     	          	           	          	           	             	                                      	 0.25152  -1.51307   0.25032   1.01122  
      	     	          	           	          	           	             	                                      	 0.97436   0.23047  -1.39076   0.18594  
      	     	          	           	          	           	             	                                      	 0.07252   0.50756   0.10137  -0.68144  
  #12	4   	-27551.33362	Yes        	4        	0.585    	0.194    	 0.30466   0.17118   0.18206   0.34210	-0.85376   0.11570   0.61408   0.12398  
      	     	          	           	          	           	             	                                      	 0.20592  -1.41484   0.26187   0.94706  
      	     	          	           	          	           	             	                                      	 1.02764   0.24623  -1.45481   0.18094  
      	     	          	           	          	           	             	                                      	 0.11041   0.47391   0.09629  -0.68061  
  #13	4   	-27289.25675	Yes        	4        	0.403    	0.190    	 0.30582   0.16805   0.18242   0.34371	-0.85358   0.09975   0.64698   0.10686  
      	     	          	           	          	           	             	                                      	 0.18152  -1.33607   0.25360   0.90095  
      	     	          	           	          	           	             	                                      	 1.08466   0.23363  -1.56459   0.24630  
      	     	          	           	          	           	             	                                      	 0.09508   0.44051   0.13072  -0.66631  
  #14	4   	-27156.82368	Yes        	4        	0.277    	0.210    	 0.30134   0.17633   0.18137   0.34095	-0.86681   0.09181   0.64312   0.13187  
      	     	          	           	          	           	             	                                      	 0.15690  -1.30936   0.22069   0.93177  
      	     	          	           	          	           	             	                                      	 1.06850   0.21456  -1.47921   0.19614  
      	     	          	           	          	           	             	                                      	 0.11655   0.48190   0.10434  -0.70280  
  #15	4   	-27617.01889	Yes        	4        	0.974    	0.200    	 0.30884   0.17121   0.17993   0.34003	-0.82303   0.11950   0.56063   0.14290  
      	     	          	           	          	           	             	                                      	 0.21556  -1.37356   0.25359   0.90441  
      	     	          	           	          	           	             	                                      	 0.96230   0.24130  -1.46791   0.26431  
      	     	          	           	          	           	             	                                      	 0.12979   0.45539   0.13986  -0.72504  
  #16	4   	-27713.08793	Yes        	4        	0.413    	0.189    	 0.30348   0.16982   0.18260   0.34411	-0.79843   0.11136   0.58926   0.09781  
      	     	          	           	          	           	             	                                      	 0.19900  -1.49218   0.21617   1.07701  
      	     	          	           	          	           	             	                                      	 0.97933   0.20104  -1.38897   0.20860  
      	     	          	           	          	           	             	                                      	 0.08626   0.53151   0.11070  -0.72847  
  #17	4   	-27574.09254	Yes        	4        	0.509    	0.192    	 0.30838   0.17428   0.17965   0.33769	-0.81748   0.11386   0.60588   0.09774  
      	     	          	           	          	           	             	                                      	 0.20147  -1.37807   0.23854   0.93806  
      	     	          	           	          	           	             	                                      	 1.04004   0.23142  -1.50995   0.23849  
      	     	          	           	          	           	             	                                      	 0.08925   0.48413   0.12688  -0.70026  
  #18	4   	-27415.45967	Yes        	4        	0.697    	0.197    	 0.30535   0.17007   0.18187   0.34270	-0.84233   0.13150   0.60203   0.10881  
      	     	          	           	          	           	             	                                      	 0.23609  -1.41628   0.21063   0.96956  
      	     	          	           	          	           	             	                                      	 1.01077   0.19696  -1.43906   0.23133  
      	     	          	           	          	           	             	                                      	 0.09695   0.48117   0.12277  -0.70088  
  #19	4   	-27456.00840	Yes        	4        	1.659    	0.202    	 0.30847   0.17322   0.17655   0.34176	-0.89888   0.15639   0.63815   0.10435  
      	     	          	           	          	           	             	                                      	 0.27848  -1.37142   0.21619   0.87675  
      	     	          	           	          	           	             	                                      	 1.11498   0.21212  -1.51629   0.18920  
      	     	          	           	          	           	             	                                      	 0.09418   0.44438   0.09773  -0.63630  
  #20	4   	-27626.64182	Yes        	4        	0.525    	0.193    	 0.30732   0.16925   0.18281   0.34062	-0.83264   0.11269   0.63446   0.08549  
      	     	          	           	          	           	             	                                      	 0.20463  -1.44053   0.28788   0.94802  
      	     	          	           	          	           	             	                                      	 1.06657   0.26652  -1.52420   0.19111  
      	     	          	           	          	           	             	                                      	 0.07713   0.47106   0.10257  -0.65076  
  #21	4   	-27693.48961	Yes        	4        	0.937    	0.199    	 0.30337   0.17568   0.18404   0.33691	-0.85978   0.13324   0.64058   0.08596  
      	     	          	           	          	           	             	                                      	 0.23008  -1.37919   0.21938   0.92973  
      	     	          	           	          	           	             	                                      	 1.05595   0.20942  -1.46799   0.20262  
      	     	          	           	          	           	             	                                      	 0.07740   0.48481   0.11068  -0.67289  
  #22	4   	-27637.31794	Yes        	4        	0.452    	0.191    	 0.30347   0.17313   0.18593   0.33747	-0.75903   0.10020   0.58683   0.07201  
      	     	          	           	          	           	             	                                      	 0.17563  -1.48534   0.29404   1.01567  
      	     	          	           	          	           	             	                                      	 0.95779   0.27380  -1.46234   0.23074  
      	     	          	           	          	           	             	                                      	 0.06475   0.52108   0.12713  -0.71296  
  #23	4   	-27265.17336	Yes        	4        	0.422    	0.190    	 0.30448   0.17694   0.17627   0.34231	-0.81446   0.11987   0.58747   0.10712  
      	     	          	           	          	           	             	                                      	 0.20627  -1.42095   0.23129   0.98339  
      	     	          	           	          	           	             	                                      	 1.01480   0.23218  -1.45736   0.21038  
      	     	          	           	          	           	             	                                      	 0.09529   0.50832   0.10833  -0.71194  
  #24	4   	-27326.12930	Yes        	4        	0.719    	0.197    	 0.30913   0.17054   0.18436   0.33597	-0.78699   0.12850   0.56482   0.09366  
      	     	          	           	          	           	             	                                      	 0.23294  -1.47432   0.24224   0.99915  
      	     	          	           	          	           	             	                                      	 0.94707   0.22407  -1.41532   0.24417  
      	     	          	           	          	           	             	                                      	 0.08618   0.50716   0.13399  -0.72733  
  #25	4   	-27583.10355	Yes        	4        	0.359    	0.209    	 0.29996   0.16863   0.18639   0.34502	-0.85935   0.10836   0.63956   0.11143  
      	     	          	           	          	           	             	                                      	 0.19274  -1.40682   0.26311   0.95097  
      	     	          	           	          	           	             	                                      	 1.02927   0.23805  -1.46849   0.20117  
      	     	          	           	          	           	             	                                      	 0.09688   0.46480   0.10867  -0.67035  
  #26	4   	-27751.49355	Yes        	4        	0.693    	0.196    	 0.31027   0.17447   0.18029   0.33497	-0.82044   0.12303   0.58714   0.11027  
      	     	          	           	          	           	             	                                      	 0.21879  -1.40712   0.22747   0.96086  
      	     	          	           	          	           	             	                                      	 1.01045   0.22013  -1.44197   0.21140  
      	     	          	           	          	           	             	                                      	 0.10214   0.50047   0.11378  -0.71639  
  #27	4   	-27771.16313	Yes        	4        	0.693    	0.196    	 0.30725   0.17317   0.18579   0.33378	-0.80740   0.12141   0.59805   0.08793  
      	     	          	           	          	           	             	                                      	 0.21542  -1.43127   0.25285   0.96300  
      	     	          	           	          	           	             	                                      	 0.98900   0.23568  -1.44737   0.22270  
      	     	          	           	          	           	             	                                      	 0.08094   0.49962   0.12396  -0.70452  
  #28	4   	-27529.36267	Yes        	4        	0.399    	0.210    	 0.30264   0.16764   0.18791   0.34182	-0.79776   0.11562   0.59537   0.08677  
      	     	          	           	          	           	             	                                      	 0.20873  -1.53479   0.27406   1.05201  
      	     	          	           	          	           	             	                                      	 0.95889   0.24450  -1.39640   0.19300  
      	     	          	           	          	           	             	                                      	 0.07682   0.51594   0.10610  -0.69887  
  #29	4   	-27796.98235	Yes        	4        	0.536    	0.194    	 0.30384   0.17100   0.19062   0.33454	-0.82892   0.13198   0.58531   0.11163  
      	     	          	           	          	           	             	                                      	 0.23450  -1.40866   0.30554   0.86861  
      	     	          	           	          	           	             	                                      	 0.93296   0.27410  -1.45550   0.24844  
      	     	          	           	          	           	             	                                      	 0.10139   0.44400   0.14156  -0.68695  
  #30	4   	-27407.73353	Yes        	4        	0.492    	0.193    	 0.30939   0.17453   0.18243   0.33364	-0.83998   0.11219   0.63044   0.09735  
      	     	          	           	          	           	             	                                      	 0.19888  -1.31761   0.19072   0.92801  
      	     	          	           	          	           	             	                                      	 1.06919   0.18246  -1.49755   0.24590  
      	     	          	           	          	           	             	                                      	 0.09028   0.48546   0.13445  -0.71019  
  #31	4   	-27426.34463	Yes        	4        	1.194    	0.201    	 0.30326   0.16978   0.18186   0.34510	-0.83825   0.12607   0.60370   0.10849  
      	     	          	           	          	           	             	                                      	 0.22518  -1.43680   0.29441   0.91721  
      	     	          	           	          	           	             	                                      	 1.00672   0.27486  -1.50200   0.22041  
      	     	          	           	          	           	             	                                      	 0.09533   0.45123   0.11615  -0.66272  
  #32	4   	-27348.17459	Yes        	4        	1.390    	0.202    	 0.31108   0.17353   0.17412   0.34127	-0.82306   0.11818   0.58474   0.12013  
      	     	          	           	          	           	             	                                      	 0.21185  -1.42502   0.23839   0.97477  
      	     	          	           	          	           	             	                                      	 1.04468   0.23758  -1.47435   0.19209  
      	     	          	           	          	           	             	                                      	 0.10951   0.49564   0.09801  -0.70316  
  #33	4   	-27697.54391	Yes        	4        	0.792    	0.198    	 0.30437   0.17570   0.18163   0.33830	-0.79286   0.11249   0.57108   0.10928  
      	     	          	           	          	           	             	                                      	 0.19488  -1.42789   0.22752   1.00549  
      	     	          	           	          	           	             	                                      	 0.95702   0.22010  -1.40856   0.23143  
      	     	          	           	          	           	             	                                      	 0.09832   0.52222   0.12425  -0.74479  
  #34	4   	-27451.73471	Yes        	4        	0.411    	0.189    	 0.30866   0.17305   0.18042   0.33787	-0.85654   0.12491   0.61310   0.11853  
      	     	          	           	          	           	             	                                      	 0.22279  -1.38683   0.20671   0.95734  
      	     	          	           	          	           	             	                                      	 1.04889   0.19827  -1.43659   0.18944  
      	     	          	           	          	           	             	                                      	 0.10829   0.49034   0.10116  -0.69979  
  #35	4   	-27129.46016	Yes        	4        	0.369    	0.189    	 0.31008   0.16660   0.18007   0.34325	-0.84861   0.10408   0.61169   0.13284  
      	     	          	           	          	           	             	                                      	 0.19373  -1.35661   0.22471   0.93817  
      	     	          	           	          	           	             	                                      	 1.05333   0.20789  -1.50071   0.23949  
      	     	          	           	          	           	             	                                      	 0.12001   0.45535   0.12564  -0.70100  
  #36	4   	-27536.32091	Yes        	4        	0.549    	0.194    	 0.30797   0.17084   0.18155   0.33964	-0.86595   0.14939   0.60198   0.11459  
      	     	          	           	          	           	             	                                      	 0.26931  -1.41236   0.23390   0.90915  
      	     	          	           	          	           	             	                                      	 1.02120   0.22010  -1.45080   0.20951  
      	     	          	           	          	           	             	                                      	 0.10390   0.45729   0.11199  -0.67317  
  #37	4   	-27607.48632	Yes        	4        	0.798    	0.198    	 0.30230   0.17075   0.18173   0.34521	-0.85856   0.13782   0.64293   0.07782  
      	     	          	           	          	           	             	                                      	 0.24399  -1.42149   0.18248   0.99501  
      	     	          	           	          	           	             	                                      	 1.06947   0.17146  -1.45768   0.21676  
      	     	          	           	          	           	             	                                      	 0.06815   0.49217   0.11411  -0.67443  
  #38	4   	-27355.92478	Yes        	4        	0.356    	0.188    	 0.31062   0.17026   0.18256   0.33656	-0.82779   0.10729   0.60835   0.11215  
      	     	          	           	          	           	             	                                      	 0.19573  -1.40393   0.24414   0.96406  
      	     	          	           	          	           	             	                                      	 1.03511   0.22770  -1.46638   0.20357  
      	     	          	           	          	           	             	                                      	 0.10350   0.48770   0.11042  -0.70163  
  #39	4   	-27399.40524	Yes        	4        	0.659    	0.196    	 0.30573   0.17298   0.17643   0.34485	-0.81369   0.11125   0.58416   0.11827  
      	     	          	           	          	           	             	                                      	 0.19663  -1.41054   0.21846   0.99545  
      	     	          	           	          	           	             	                                      	 1.01225   0.21418  -1.46021   0.23378  
      	     	          	           	          	           	             	                                      	 0.10485   0.49933   0.11961  -0.72379  
  #40	4   	-27443.25633	Yes        	4        	0.827    	0.198    	 0.30513   0.16757   0.18427   0.34302	-0.79165   0.10542   0.58007   0.10615  
      	     	          	           	          	           	             	                                      	 0.19197  -1.49460   0.29826   1.00436  
      	     	          	           	          	           	             	                                      	 0.96053   0.27122  -1.44970   0.21795  
      	     	          	           	          	           	             	                                      	 0.09443   0.49063   0.11709  -0.70215  
  #41	4   	-27561.22092	Yes        	4        	2.268    	0.203    	 0.30017   0.17554   0.18320   0.34109	-0.87461   0.13516   0.60505   0.13440  
      	     	          	           	          	           	             	                                      	 0.23112  -1.36541   0.21672   0.91758  
      	     	          	           	          	           	             	                                      	 0.99137   0.20766  -1.40839   0.20937  
      	     	          	           	          	           	             	                                      	 0.11827   0.47222   0.11245  -0.70295  
  #42	4   	-27689.27218	Yes        	4        	0.561    	0.193    	 0.30946   0.16880   0.17767   0.34408	-0.84327   0.10798   0.60426   0.13102  
      	     	          	           	          	           	             	                                      	 0.19797  -1.38325   0.23574   0.94954  
      	     	          	           	          	           	             	                                      	 1.05250   0.22397  -1.49584   0.21936  
      	     	          	           	          	           	             	                                      	 0.11784   0.46582   0.11327  -0.69693  
  #43	4   	-27106.57425	Yes        	4        	1.979    	0.202    	 0.31313   0.16830   0.18430   0.33427	-0.86188   0.12483   0.62635   0.11070  
      	     	          	           	          	           	             	                                      	 0.23225  -1.42584   0.22133   0.97226  
      	     	          	           	          	           	             	                                      	 1.06418   0.20211  -1.42494   0.15864  
      	     	          	           	          	           	             	                                      	 0.10370   0.48952   0.08747  -0.68069  
  #44	4   	-27737.76650	Yes        	4        	0.497    	0.192    	 0.31285   0.17249   0.17894   0.33572	-0.84899   0.13386   0.63555   0.07958  
      	     	          	           	          	           	             	                                      	 0.24278  -1.37943   0.20619   0.93045  
      	     	          	           	          	           	             	                                      	 1.11114   0.19875  -1.52415   0.21425  
      	     	          	           	          	           	             	                                      	 0.07416   0.47805   0.11420  -0.66641  
  #45	4   	-27530.67399	Yes        	4        	0.423    	0.189    	 0.30813   0.16826   0.18395   0.33966	-0.84385   0.10695   0.63352   0.10338  
      	     	          	           	          	           	             	                                      	 0.19585  -1.33331   0.27228   0.86519  
      	     	          	           	          	           	             	                                      	 1.06121   0.24906  -1.57444   0.26417  
      	     	          	           	          	           	             	                                      	 0.09378   0.42860   0.14306  -0.66544  
  #46	4   	-27621.59394	Yes        	4        	0.859    	0.199    	 0.30968   0.16718   0.18116   0.34198	-0.80101   0.11832   0.57340   0.10929  
      	     	          	           	          	           	             	                                      	 0.21916  -1.49606   0.31425   0.96265  
      	     	          	           	          	           	             	                                      	 0.98018   0.29000  -1.48255   0.21237  
      	     	          	           	          	           	             	                                      	 0.09896   0.47060   0.11250  -0.68206  
  #47	4   	-27323.28727	Yes        	4        	0.468    	0.193    	 0.30552   0.16803   0.17780   0.34864	-0.79181   0.09969   0.57556   0.11657  
      	     	          	           	          	           	             	                                      	 0.18126  -1.46125   0.28091   0.99907  
      	     	          	           	          	           	             	                                      	 0.98900   0.26548  -1.49634   0.24186  
      	     	          	           	          	           	             	                                      	 0.10215   0.48152   0.12334  -0.70701  
  #48	4   	-27621.23804	Yes        	4        	0.860    	0.199    	 0.31034   0.16748   0.17948   0.34271	-0.83586   0.15099   0.59799   0.08688  
      	     	          	           	          	           	             	                                      	 0.27980  -1.43330   0.25759   0.89591  
      	     	          	           	          	           	             	                                      	 1.03401   0.24037  -1.53855   0.26418  
      	     	          	           	          	           	             	                                      	 0.07867   0.43782   0.13835  -0.65484  
  #49	4   	-27732.80392	Yes        	4        	0.449    	0.191    	 0.30611   0.17667   0.17737   0.33985	-0.81959   0.13399   0.59536   0.09024  
      	     	          	           	          	           	             	                                      	 0.23217  -1.40512   0.20836   0.96459  
      	     	          	           	          	           	             	                                      	 1.02752   0.20754  -1.47122   0.23616  
      	     	          	           	          	           	             	                                      	 0.08128   0.50144   0.12325  -0.70598  
  #50	4   	-27500.31707	Yes        	4        	0.740    	0.198    	 0.30276   0.16949   0.18180   0.34595	-0.83958   0.12560   0.61321   0.10076  
      	     	          	           	          	           	             	                                      	 0.22437  -1.45439   0.22576   1.00427  
      	     	          	           	          	           	             	                                      	 1.02120   0.21046  -1.43700   0.20534  
      	     	          	           	          	           	             	                                      	 0.08819   0.49202   0.10791  -0.68812  
  #51	4   	-27427.31447	Yes        	4        	0.420    	0.190    	 0.30839   0.17204   0.17702   0.34255	-0.79501   0.10689   0.58030   0.10782  
      	     	          	           	          	           	             	                                      	 0.19162  -1.41540   0.27236   0.95142  
      	     	          	           	          	           	             	                                      	 1.01097   0.26470  -1.52585   0.25019  
      	     	          	           	          	           	             	                                      	 0.09707   0.47783   0.12929  -0.70418  
  #52	4   	-27574.19222	Yes        	4        	0.759    	0.198    	 0.29855   0.17428   0.18252   0.34465	-0.83546   0.12536   0.62218   0.08791  
      	     	          	           	          	           	             	                                      	 0.21475  -1.40825   0.22752   0.96598  
      	     	          	           	          	           	             	                                      	 1.01772   0.21725  -1.46822   0.23325  
      	     	          	           	          	           	             	                                      	 0.07615   0.48847   0.12352  -0.68814  
  #53	4   	-27307.01252	Yes        	4        	0.939    	0.199    	 0.31223   0.16882   0.18032   0.33863	-0.76601   0.08055   0.59995   0.08551  
      	     	          	           	          	           	             	                                      	 0.14897  -1.38863   0.22426   1.01540  
      	     	          	           	          	           	             	                                      	 1.03884   0.20995  -1.53469   0.28589  
      	     	          	           	          	           	             	                                      	 0.07885   0.50621   0.15223  -0.73729  
  #54	4   	-27627.99354	Yes        	4        	0.533    	0.193    	 0.31226   0.17297   0.18162   0.33315	-0.84659   0.12086   0.58456   0.14117  
      	     	          	           	          	           	             	                                      	 0.21819  -1.37384   0.24727   0.90838  
      	     	          	           	          	           	             	                                      	 1.00503   0.23549  -1.43737   0.19684  
      	     	          	           	          	           	             	                                      	 0.13232   0.47163   0.10731  -0.71126  
  #55	4   	-27408.64606	Yes        	4        	0.952    	0.200    	 0.30711   0.17198   0.18148   0.33943	-0.79554   0.09712   0.61088   0.08754  
      	     	          	           	          	           	             	                                      	 0.17343  -1.39307   0.20978   1.00986  
      	     	          	           	          	           	             	                                      	 1.03375   0.19879  -1.48564   0.25310  
      	     	          	           	          	           	             	                                      	 0.07920   0.51166   0.13532  -0.72618  
  #56	4   	-27559.12221	Yes        	4        	0.279    	0.259    	 0.31124   0.17294   0.18217   0.33364	-0.80392   0.09449   0.58786   0.12157  
      	     	          	           	          	           	             	                                      	 0.17005  -1.35583   0.20658   0.97920  
      	     	          	           	          	           	             	                                      	 1.00435   0.19611  -1.44591   0.24545  
      	     	          	           	          	           	             	                                      	 0.11341   0.50757   0.13402  -0.75500  
  #57	4   	-27680.32871	Yes        	4        	0.391    	0.188    	 0.30708   0.17372   0.18719   0.33201	-0.83663   0.11593   0.63001   0.09069  
      	     	          	           	          	           	             	                                      	 0.20491  -1.38552   0.24635   0.93426  
      	     	          	           	          	           	             	                                      	 1.03355   0.22863  -1.46512   0.20294  
      	     	          	           	          	           	             	                                      	 0.08388   0.48885   0.11442  -0.68715  
  #58	4   	-27410.66220	Yes        	4        	1.012    	0.200    	 0.30743   0.17269   0.17988   0.34000	-0.83668   0.13372   0.58646   0.11650  
      	     	          	           	          	           	             	                                      	 0.23807  -1.41415   0.21081   0.96528  
      	     	          	           	          	           	             	                                      	 1.00232   0.20238  -1.42532   0.22061  
      	     	          	           	          	           	             	                                      	 0.10534   0.49026   0.11671  -0.71231  
  #59	4   	-27500.93602	Yes        	4        	0.860    	0.199    	 0.30687   0.16830   0.18480   0.34004	-0.83041   0.11939   0.59978   0.11123  
      	     	          	           	          	           	             	                                      	 0.21770  -1.42876   0.22749   0.98357  
      	     	          	           	          	           	             	                                      	 0.99593   0.20717  -1.42691   0.22381  
      	     	          	           	          	           	             	                                      	 0.10038   0.48680   0.12164  -0.70882  
  #60	4   	-27704.10587	Yes        	4        	0.261    	0.280    	 0.31659   0.17484   0.17853   0.33004	-0.81627   0.10475   0.61332   0.09820  
      	     	          	           	          	           	             	                                      	 0.18968  -1.30427   0.23474   0.87986  
      	     	          	           	          	           	             	                                      	 1.08764   0.22989  -1.57908   0.26155  
      	     	          	           	          	           	             	                                      	 0.09420   0.46612   0.14148  -0.70180  
  #61	4   	-27549.04828	Yes        	4        	0.288    	0.285    	 0.30070   0.16982   0.18036   0.34912	-0.84265   0.09681   0.63056   0.11528  
      	     	          	           	          	           	             	                                      	 0.17143  -1.33366   0.23449   0.92775  
      	     	          	           	          	           	             	                                      	 1.05131   0.22079  -1.54513   0.27303  
      	     	          	           	          	           	             	                                      	 0.09929   0.45127   0.14105  -0.69161  
  #62	4   	-27738.12341	Yes        	4        	1.013    	0.200    	 0.30801   0.17374   0.18201   0.33624	-0.91282   0.10796   0.70684   0.09802  
      	     	          	           	          	           	             	                                      	 0.19140  -1.27884   0.20965   0.87779  
      	     	          	           	          	           	             	                                      	 1.19616   0.20012  -1.56062   0.16433  
      	     	          	           	          	           	             	                                      	 0.08979   0.45356   0.08896  -0.63231  
  #63	4   	-27657.65621	Yes        	4        	0.600    	0.194    	 0.30529   0.17563   0.18280   0.33628	-0.83624   0.12780   0.62586   0.08258  
      	     	          	           	          	           	             	                                      	 0.22215  -1.40326   0.26722   0.91389  
      	     	          	           	          	           	             	                                      	 1.04523   0.25674  -1.50580   0.20383  
      	     	          	           	          	           	             	                                      	 0.07497   0.47732   0.11080  -0.66309  
  #64	4   	-27709.00702	Yes        	4        	0.363    	0.207    	 0.30511   0.17105   0.18166   0.34218	-0.85300   0.09375   0.62630   0.13296  
      	     	          	           	          	           	             	                                      	 0.16722  -1.29586   0.19419   0.93445  
      	     	          	           	          	           	             	                                      	 1.05193   0.18284  -1.49180   0.25703  
      	     	          	           	          	           	             	                                      	 0.11855   0.46709   0.13645  -0.72210  
  #65	4   	-27954.43716	Yes        	4        	1.024    	0.200    	 0.30211   0.17719   0.18329   0.33740	-0.83722   0.13475   0.58991   0.11255  
      	     	          	           	          	           	             	                                      	 0.22975  -1.39875   0.24362   0.92537  
      	     	          	           	          	           	             	                                      	 0.97231   0.23551  -1.42568   0.21786  
      	     	          	           	          	           	             	                                      	 0.10078   0.48597   0.11835  -0.70510  
  #66	4   	-27654.16643	Yes        	4        	0.429    	0.190    	 0.30368   0.17194   0.18129   0.34309	-0.82390   0.10445   0.58249   0.13695  
      	     	          	           	          	           	             	                                      	 0.18449  -1.38674   0.26265   0.93960  
      	     	          	           	          	           	             	                                      	 0.97576   0.24911  -1.46253   0.23766  
      	     	          	           	          	           	             	                                      	 0.12122   0.47087   0.12557  -0.71767  
  #67	4   	-27678.42393	Yes        	4        	0.468    	0.191    	 0.30614   0.16896   0.18049   0.34442	-0.79378   0.13028   0.55406   0.10944  
      	     	          	           	          	           	             	                                      	 0.23606  -1.49525   0.23420   1.02499  
      	     	          	           	          	           	             	                                      	 0.93975   0.21924  -1.40413   0.24514  
      	     	          	           	          	           	             	                                      	 0.09728   0.50282   0.12847  -0.72857  
  #68	4   	-27602.78798	Yes        	4        	0.961    	0.200    	 0.31384   0.17158   0.18160   0.33298	-0.80080   0.11392   0.55906   0.12781  
      	     	          	           	          	           	             	                                      	 0.20838  -1.44645   0.24408   0.99399  
      	     	          	           	          	           	             	                                      	 0.96613   0.23061  -1.39636   0.19961  
      	     	          	           	          	           	             	                                      	 0.12047   0.51220   0.10887  -0.74153  
  #69	4   	-27647.77463	Yes        	4        	0.630    	0.195    	 0.30370   0.17611   0.17908   0.34110	-0.83269   0.13016   0.60063   0.10191  
      	     	          	           	          	           	             	                                      	 0.22445  -1.40174   0.19359   0.98371  
      	     	          	           	          	           	             	                                      	 1.01863   0.19038  -1.43109   0.22208  
      	     	          	           	          	           	             	                                      	 0.09073   0.50790   0.11659  -0.71522  
  #70	4   	-27639.56654	Yes        	4        	0.489    	0.192    	 0.30848   0.16720   0.18312   0.34120	-0.78886   0.09844   0.57523   0.11519  
      	     	          	           	          	           	             	                                      	 0.18162  -1.37585   0.19727   0.99696  
      	     	          	           	          	           	             	                                      	 0.96899   0.18011  -1.46028   0.31118  
      	     	          	           	          	           	             	                                      	 0.10414   0.48853   0.16701  -0.75968  
  #71	4   	-27473.87671	Yes        	4        	1.377    	0.202    	 0.30375   0.17503   0.18350   0.33772	-0.82579   0.12187   0.58307   0.12085  
      	     	          	           	          	           	             	                                      	 0.21149  -1.36438   0.19277   0.96012  
      	     	          	           	          	           	             	                                      	 0.96515   0.18388  -1.40721   0.25818  
      	     	          	           	          	           	             	                                      	 0.10869   0.49761   0.14028  -0.74658  
  #72	4   	-27736.45152	Yes        	4        	0.314    	0.232    	 0.30460   0.17381   0.18761   0.33398	-0.80378   0.09866   0.61651   0.08862  
      	     	          	           	          	           	             	                                      	 0.17290  -1.42402   0.30993   0.94119  
      	     	          	           	          	           	             	                                      	 1.00094   0.28713  -1.48907   0.20100  
      	     	          	           	          	           	             	                                      	 0.08083   0.48982   0.11291  -0.68355  
  #73	4   	-27599.99213	Yes        	4        	0.394    	0.189    	 0.30884   0.16705   0.18218   0.34192	-0.82121   0.11009   0.56096   0.15016  
      	     	          	           	          	           	             	                                      	 0.20353  -1.42381   0.26052   0.95976  
      	     	          	           	          	           	             	                                      	 0.95096   0.23888  -1.42324   0.23340  
      	     	          	           	          	           	             	                                      	 0.13563   0.46891   0.12436  -0.72891  
  #74	4   	-27465.34009	Yes        	4        	0.493    	0.193    	 0.30216   0.18124   0.17893   0.33768	-0.77716   0.12273   0.58012   0.07431  
      	     	          	           	          	           	             	                                      	 0.20461  -1.44249   0.24322   0.99466  
      	     	          	           	          	           	             	                                      	 0.97966   0.24637  -1.45420   0.22817  
      	     	          	           	          	           	             	                                      	 0.06649   0.53385   0.12090  -0.72124  
  #75	4   	-27631.41051	Yes        	4        	0.518    	0.193    	 0.30583   0.16800   0.18463   0.34153	-0.83450   0.10386   0.62554   0.10510  
      	     	          	           	          	           	             	                                      	 0.18907  -1.41396   0.26678   0.95812  
      	     	          	           	          	           	             	                                      	 1.03618   0.24275  -1.49013   0.21120  
      	     	          	           	          	           	             	                                      	 0.09411   0.47131   0.11418  -0.67960  
  #76	4   	-27883.88495	Yes        	4        	0.560    	0.194    	 0.30225   0.17379   0.18214   0.34183	-0.86922   0.13387   0.62867   0.10667  
      	     	          	           	          	           	             	                                      	 0.23284  -1.40039   0.24963   0.91792  
      	     	          	           	          	           	             	                                      	 1.04325   0.23818  -1.47017   0.18873  
      	     	          	           	          	           	             	                                      	 0.09432   0.46668   0.10056  -0.66156  
  #77	4   	-27799.21717	Yes        	4        	0.394    	0.233    	 0.30235   0.17380   0.18482   0.33903	-0.84329   0.12110   0.61092   0.11127  
      	     	          	           	          	           	             	                                      	 0.21067  -1.45540   0.22195   1.02278  
      	     	          	           	          	           	             	                                      	 0.99943   0.20872  -1.36340   0.15525  
      	     	          	           	          	           	             	                                      	 0.09923   0.52432   0.08464  -0.70819  
  #78	4   	-27466.53950	Yes        	4        	0.330    	0.208    	 0.31017   0.17027   0.18205   0.33751	-0.84020   0.09900   0.64200   0.09920  
      	     	          	           	          	           	             	                                      	 0.18034  -1.39057   0.24615   0.96408  
      	     	          	           	          	           	             	                                      	 1.09382   0.23022  -1.50709   0.18305  
      	     	          	           	          	           	             	                                      	 0.09117   0.48638   0.09874  -0.67629  
  #79	4   	-27351.28121	Yes        	4        	0.535    	0.194    	 0.30963   0.17300   0.17555   0.34182	-0.82224   0.11563   0.58385   0.12275  
      	     	          	           	          	           	             	                                      	 0.20696  -1.42065   0.21028   1.00341  
      	     	          	           	          	           	             	                                      	 1.02977   0.20722  -1.43890   0.20191  
      	     	          	           	          	           	             	                                      	 0.11119   0.50783   0.10370  -0.72272  
  #80	4   	-27495.29236	Yes        	4        	0.316    	0.257    	 0.30973   0.17326   0.17676   0.34025	-0.81764   0.11910   0.57399   0.12455  
      	     	          	           	          	           	             	                                      	 0.21292  -1.42194   0.27560   0.93343  
      	     	          	           	          	           	             	                                      	 1.00577   0.27013  -1.48681   0.21091  
      	     	          	           	          	           	             	                                      	 0.11338   0.47530   0.10957  -0.69825  
  #81	4   	-27449.96417	Yes        	4        	1.888    	0.204    	 0.30161   0.17260   0.18301   0.34278	-0.81596   0.12886   0.56943   0.11766  
      	     	          	           	          	           	             	                                      	 0.22518  -1.40893   0.22904   0.95471  
      	     	          	           	          	           	             	                                      	 0.93846   0.21602  -1.42542   0.27094  
      	     	          	           	          	           	             	                                      	 0.10353   0.48073   0.14465  -0.72890  
  #82	4   	-27410.20143	Yes        	4        	1.976    	0.202    	 0.31002   0.16875   0.18048   0.34074	-0.79050   0.13282   0.56347   0.09422  
      	     	          	           	          	           	             	                                      	 0.24401  -1.46210   0.25802   0.96007  
      	     	          	           	          	           	             	                                      	 0.96791   0.24125  -1.48272   0.27356  
      	     	          	           	          	           	             	                                      	 0.08572   0.47547   0.14490  -0.70608  
  #83	4   	-27804.34554	Yes        	4        	6.326    	0.198    	 0.30420   0.17484   0.18294   0.33802	-0.89529   0.12026   0.64506   0.12997  
      	     	          	           	          	           	             	                                      	 0.20924  -1.30925   0.21919   0.88082  
      	     	          	           	          	           	             	                                      	 1.07260   0.20948  -1.47520   0.19313  
      	     	          	           	          	           	             	                                      	 0.11697   0.45560   0.10452  -0.67709  
  #84	4   	-27766.35945	Yes        	4        	0.403    	0.209    	 0.31133   0.16912   0.18315   0.33640	-0.83897   0.12293   0.61332   0.10271  
      	     	          	           	          	           	             	                                      	 0.22630  -1.40527   0.22436   0.95461  
      	     	          	           	          	           	             	                                      	 1.04255   0.20717  -1.46495   0.21523  
      	     	          	           	          	           	             	                                      	 0.09506   0.47991   0.11718  -0.69215  
  #85	4   	-27565.89260	Yes        	4        	0.865    	0.199    	 0.30534   0.16914   0.18710   0.33842	-0.87990   0.16319   0.60660   0.11011  
      	     	          	           	          	           	             	                                      	 0.29460  -1.44271   0.18721   0.96090  
      	     	          	           	          	           	             	                                      	 0.98995   0.16924  -1.35771   0.19852  
      	     	          	           	          	           	             	                                      	 0.09934   0.48024   0.10976  -0.68934  
  #86	4   	-27613.75142	Yes        	4        	0.831    	0.198    	 0.30960   0.17432   0.18262   0.33346	-0.82154   0.12271   0.56780   0.13102  
      	     	          	           	          	           	             	                                      	 0.21795  -1.37349   0.26288   0.89266  
      	     	          	           	          	           	             	                                      	 0.96262   0.25093  -1.45567   0.24212  
      	     	          	           	          	           	             	                                      	 0.12165   0.46665   0.13260  -0.72090  
  #87	4   	-27502.85387	Yes        	4        	0.344    	0.186    	 0.31144   0.17175   0.18084   0.33596	-0.81191   0.11161   0.57647   0.12383  
      	     	          	           	          	           	             	                                      	 0.20239  -1.42145   0.21793   1.00114  
      	     	          	           	          	           	             	                                      	 0.99277   0.20697  -1.40855   0.20881  
      	     	          	           	          	           	             	                                      	 0.11479   0.51180   0.11240  -0.73899  
  #88	4   	-27836.38508	Yes        	4        	0.581    	0.194    	 0.31033   0.17643   0.17910   0.33414	-0.78100   0.11325   0.55663   0.11112  
      	     	          	           	          	           	             	                                      	 0.19920  -1.42946   0.23741   0.99285  
      	     	          	           	          	           	             	                                      	 0.96450   0.23388  -1.42493   0.22656  
      	     	          	           	          	           	             	                                      	 0.10320   0.52424   0.12143  -0.74887  
  #89	4   	-27608.67085	Yes        	4        	0.415    	0.210    	 0.30622   0.17035   0.18197   0.34146	-0.78876   0.13025   0.56814   0.09037  
      	     	          	           	          	           	             	                                      	 0.23413  -1.49798   0.23930   1.02455  
      	     	          	           	          	           	             	                                      	 0.95604   0.22401  -1.41729   0.23724  
      	     	          	           	          	           	             	                                      	 0.08104   0.51114   0.12644  -0.71862  
  #90	4   	-27639.51748	Yes        	4        	0.348    	0.209    	 0.30229   0.17046   0.18191   0.34534	-0.82251   0.11219   0.58641   0.12392  
      	     	          	           	          	           	             	                                      	 0.19895  -1.43579   0.25037   0.98646  
      	     	          	           	          	           	             	                                      	 0.97449   0.23462  -1.43192   0.22281  
      	     	          	           	          	           	             	                                      	 0.10847   0.48691   0.11736  -0.71275  
  #91	4   	-27641.48902	Yes        	4        	0.601    	0.195    	 0.30547   0.17620   0.17851   0.33982	-0.80554   0.11874   0.57322   0.11358  
      	     	          	           	          	           	             	                                      	 0.20586  -1.43613   0.24574   0.98453  
      	     	          	           	          	           	             	                                      	 0.98092   0.24256  -1.43164   0.20816  
      	     	          	           	          	           	             	                                      	 0.10210   0.51048   0.10935  -0.72193  
  #92	4   	-27247.81382	Yes        	4        	0.440    	0.191    	 0.30585   0.16869   0.18055   0.34492	-0.87493   0.09611   0.63481   0.14400  
      	     	          	           	          	           	             	                                      	 0.17426  -1.36576   0.22974   0.96176  
      	     	          	           	          	           	             	                                      	 1.07535   0.21464  -1.46399   0.17399  
      	     	          	           	          	           	             	                                      	 0.12769   0.47037   0.09108  -0.68914  
  #93	4   	-27247.88780	Yes        	4        	0.655    	0.196    	 0.30450   0.17602   0.17957   0.33992	-0.83074   0.09416   0.61540   0.12118  
      	     	          	           	          	           	             	                                      	 0.16289  -1.30853   0.22290   0.92274  
      	     	          	           	          	           	             	                                      	 1.04354   0.21849  -1.51481   0.25277  
      	     	          	           	          	           	             	                                      	 0.10855   0.47781   0.13353  -0.71990  
  #94	4   	-27517.68270	Yes        	4        	0.435    	0.191    	 0.30922   0.17431   0.17917   0.33729	-0.82232   0.11288   0.61527   0.09417  
      	     	          	           	          	           	             	                                      	 0.20024  -1.43748   0.24923   0.98800  
      	     	          	           	          	           	             	                                      	 1.06186   0.24247  -1.47206   0.16772  
      	     	          	           	          	           	             	                                      	 0.08634   0.51060   0.08910  -0.68604  
  #95	4   	-27464.86478	Yes        	4        	1.305    	0.202    	 0.30537   0.17730   0.18148   0.33584	-0.83155   0.12427   0.60001   0.10727  
      	     	          	           	          	           	             	                                      	 0.21403  -1.37527   0.20032   0.96092  
      	     	          	           	          	           	             	                                      	 1.00964   0.19571  -1.42673   0.22137  
      	     	          	           	          	           	             	                                      	 0.09754   0.50730   0.11962  -0.72446  
  #96	4   	-27389.09615	Yes        	4        	0.647    	0.196    	 0.30867   0.17060   0.17859   0.34214	-0.85695   0.11182   0.64863   0.09650  
      	     	          	           	          	           	             	                                      	 0.20231  -1.37850   0.19171   0.98448  
      	     	          	           	          	           	             	                                      	 1.12107   0.18314  -1.49921   0.19500  
      	     	          	           	          	           	             	                                      	 0.08706   0.49090   0.10178  -0.67974  
  #97	4   	-27620.40350	Yes        	4        	0.337    	0.211    	 0.31315   0.16904   0.17830   0.33952	-0.83988   0.10981   0.59777   0.13231  
      	     	          	           	          	           	             	                                      	 0.20343  -1.38058   0.24069   0.93647  
      	     	          	           	          	           	             	                                      	 1.04988   0.22819  -1.49126   0.21319  
      	     	          	           	          	           	             	                                      	 0.12203   0.46623   0.11196  -0.70022  
  #98	4   	-27555.34083	Yes        	4        	0.636    	0.196    	 0.30567   0.17587   0.18204   0.33642	-0.78844   0.09985   0.56430   0.12429  
      	     	          	           	          	           	             	                                      	 0.17354  -1.40104   0.27508   0.95242  
      	     	          	           	          	           	             	                                      	 0.94755   0.26576  -1.45016   0.23685  
      	     	          	           	          	           	             	                                      	 0.11293   0.49790   0.12816  -0.73899  
  #99	4   	-27409.24278	Yes        	4        	0.940    	0.199    	 0.30263   0.17085   0.18318   0.34334	-0.81464   0.12000   0.57005   0.12459  
      	     	          	           	          	           	             	                                      	 0.21256  -1.41900   0.26908   0.93737  
      	     	          	           	          	           	             	                                      	 0.94177   0.25097  -1.45121   0.25846  
      	     	          	           	          	           	             	                                      	 0.10981   0.46645   0.13789  -0.71416  
  #100	4   	-27340.70504	Yes        	4        	0.292    	0.211    	 0.30443   0.17444   0.18033   0.34080	-0.79860   0.12857   0.56377   0.10626  
      	     	          	           	          	           	             	                                      	 0.22438  -1.45713   0.27023   0.96253  
      	     	          	           	          	           	             	                                      	 0.95175   0.26140  -1.44516   0.23201  
      	     	          	           	          	           	             	                                      	 0.09492   0.49269   0.12277  -0.71037  
