. Sequence file : [Hominid_AMTN.phy]

. Model of nucleotides substitution : GTR

. Initial tree : [BioNJ]


. Data	Nb of 	Likelihood	Discrete   	Number of 	Gamma shape	Proportion of	Nucleotides frequencies               	Instantaneous rate matrix              	
  set	taxa	loglk     	gamma model	categories	parameter  	invariant    	f(A)      f(C)      f(G)      f(T)    	[A---------C---------G---------T------]	

  #1	4   	-23377.24200	Yes        	4        	0.358    	0.204    	 0.31802   0.19453   0.18389   0.30357	-0.79709   0.14347   0.53709   0.11652  
      	     	          	           	          	           	             	                                      	 0.23455  -1.34827   0.18418   0.92954  
      	     	          	           	          	           	             	                                      	 0.92885   0.19484  -1.28611   0.16242  
      	     	          	           	          	           	             	                                      	 0.12207   0.59564   0.09838  -0.81609  
  #2	4   	-23121.69592	Yes        	4        	0.268    	0.206    	 0.31902   0.20061   0.17687   0.30350	-0.81321   0.13645   0.55887   0.11790  
      	     	          	           	          	           	             	                                      	 0.21699  -1.23359   0.16995   0.84665  
      	     	          	           	          	           	             	                                      	 1.00802   0.19275  -1.40787   0.20710  
      	     	          	           	          	           	             	                                      	 0.12393   0.55962   0.12069  -0.80424  
  #3	4   	-23207.94644	Yes        	4        	0.589    	0.193    	 0.31817   0.19261   0.18418   0.30504	-0.72594   0.12611   0.51318   0.08664  
      	     	          	           	          	           	             	                                      	 0.20832  -1.42799   0.20620   1.01347  
      	     	          	           	          	           	             	                                      	 0.88651   0.21563  -1.28734   0.18520  
      	     	          	           	          	           	             	                                      	 0.09037   0.63993   0.11182  -0.84212  
  #4	4   	-23215.46269	Yes        	4        	0.756    	0.198    	 0.32465   0.20038   0.17950   0.29548	-0.72227   0.16224   0.47349   0.08655  
      	     	          	           	          	           	             	                                      	 0.26285  -1.40374   0.22354   0.91734  
      	     	          	           	          	           	             	                                      	 0.85639   0.24955  -1.31156   0.20562  
      	     	          	           	          	           	             	                                      	 0.09509   0.62210   0.12491  -0.84210  
  #5	4   	-23060.88589	Yes        	4        	0.421    	0.189    	 0.31746   0.19857   0.17805   0.30592	-0.81808   0.13847   0.57338   0.10622  
      	     	          	           	          	           	             	                                      	 0.22137  -1.22713   0.17808   0.82768  
      	     	          	           	          	           	             	                                      	 1.02233   0.19860  -1.44882   0.22789  
      	     	          	           	          	           	             	                                      	 0.11023   0.53726   0.13264  -0.78013  
  #6	4   	-23208.64168	Yes        	4        	0.367    	0.207    	 0.32080   0.20072   0.17880   0.29967	-0.78480   0.15011   0.53917   0.09552  
      	     	          	           	          	           	             	                                      	 0.23991  -1.30917   0.22971   0.83955  
      	     	          	           	          	           	             	                                      	 0.96737   0.25787  -1.41322   0.18798  
      	     	          	           	          	           	             	                                      	 0.10225   0.56232   0.11216  -0.77674  
  #7	4   	-23078.74839	Yes        	4        	0.447    	0.190    	 0.32149   0.19871   0.17816   0.30163	-0.76259   0.13828   0.52734   0.09697  
      	     	          	           	          	           	             	                                      	 0.22373  -1.31746   0.19478   0.89895  
      	     	          	           	          	           	             	                                      	 0.95157   0.21724  -1.37928   0.21047  
      	     	          	           	          	           	             	                                      	 0.10335   0.59221   0.12432  -0.81987  
  #8	4   	-23175.71709	Yes        	4        	0.400    	0.189    	 0.32231   0.19986   0.17493   0.30290	-0.78739   0.13050   0.53928   0.11761  
      	     	          	           	          	           	             	                                      	 0.21046  -1.26132   0.18387   0.86699  
      	     	          	           	          	           	             	                                      	 0.99360   0.21007  -1.41055   0.20688  
      	     	          	           	          	           	             	                                      	 0.12515   0.57207   0.11948  -0.81670  
  #9	4   	-23173.27368	Yes        	4        	0.351    	0.229    	 0.31854   0.19755   0.17800   0.30591	-0.77321   0.12905   0.53869   0.10547  
      	     	          	           	          	           	             	                                      	 0.20808  -1.32375   0.23893   0.87673  
      	     	          	           	          	           	             	                                      	 0.96399   0.26517  -1.41626   0.18709  
      	     	          	           	          	           	             	                                      	 0.10983   0.56618   0.10886  -0.78487  
  #10	4   	-23066.38846	Yes        	4        	0.657    	0.195    	 0.32612   0.19157   0.17974   0.30257	-0.77893   0.13507   0.56627   0.07760  
      	     	          	           	          	           	             	                                      	 0.22993  -1.36210   0.20425   0.92791  
      	     	          	           	          	           	             	                                      	 1.02745   0.21770  -1.40697   0.16182  
      	     	          	           	          	           	             	                                      	 0.08364   0.58750   0.09613  -0.76727  
  #11	4   	-23185.67614	Yes        	4        	0.432    	0.190    	 0.32063   0.19694   0.18194   0.30049	-0.79791   0.14963   0.54880   0.09947  
      	     	          	           	          	           	             	                                      	 0.24362  -1.28835   0.25778   0.78695  
      	     	          	           	          	           	             	                                      	 0.96714   0.27902  -1.45732   0.21115  
      	     	          	           	          	           	             	                                      	 0.10614   0.51577   0.12785  -0.74976  
  #12	4   	-23047.84781	Yes        	4        	0.256    	0.252    	 0.32376   0.19341   0.17380   0.30903	-0.71783   0.13167   0.50495   0.08120  
      	     	          	           	          	           	             	                                      	 0.22042  -1.41663   0.21081   0.98540  
      	     	          	           	          	           	             	                                      	 0.94063   0.23459  -1.38372   0.20850  
      	     	          	           	          	           	             	                                      	 0.08507   0.61672   0.11727  -0.81906  
  #13	4   	-23255.41327	Yes        	4        	0.283    	0.288    	 0.31879   0.19245   0.18648   0.30228	-0.74863   0.08326   0.57482   0.09055  
      	     	          	           	          	           	             	                                      	 0.13793  -1.27963   0.18267   0.95903  
      	     	          	           	          	           	             	                                      	 0.98267   0.18852  -1.39440   0.22321  
      	     	          	           	          	           	             	                                      	 0.09549   0.61058   0.13770  -0.84377  
  #14	4   	-23250.86651	Yes        	4        	0.315    	0.231    	 0.31898   0.19380   0.18377   0.30345	-0.78976   0.12607   0.57485   0.08883  
      	     	          	           	          	           	             	                                      	 0.20751  -1.27171   0.20878   0.85542  
      	     	          	           	          	           	             	                                      	 0.99779   0.22017  -1.44565   0.22769  
      	     	          	           	          	           	             	                                      	 0.09338   0.54631   0.13789  -0.77758  
  #15	4   	-23113.91400	Yes        	4        	0.478    	0.191    	 0.31818   0.19597   0.18139   0.30446	-0.73304   0.19492   0.45601   0.08211  
      	     	          	           	          	           	             	                                      	 0.31646  -1.45185   0.23282   0.90257  
      	     	          	           	          	           	             	                                      	 0.79990   0.25154  -1.29542   0.24398  
      	     	          	           	          	           	             	                                      	 0.08581   0.58097   0.14536  -0.81214  
  #16	4   	-23289.12364	Yes        	4        	0.330    	0.206    	 0.32035   0.19790   0.17725   0.30450	-0.74823   0.14626   0.49275   0.10922  
      	     	          	           	          	           	             	                                      	 0.23677  -1.38175   0.22021   0.92477  
      	     	          	           	          	           	             	                                      	 0.89058   0.24587  -1.32664   0.19019  
      	     	          	           	          	           	             	                                      	 0.11490   0.60103   0.11071  -0.82664  
  #17	4   	-23290.01925	Yes        	4        	0.291    	0.207    	 0.31504   0.20034   0.18485   0.29977	-0.79134   0.19081   0.49669   0.10385  
      	     	          	           	          	           	             	                                      	 0.30006  -1.40502   0.21935   0.88562  
      	     	          	           	          	           	             	                                      	 0.84653   0.23774  -1.24288   0.15861  
      	     	          	           	          	           	             	                                      	 0.10914   0.59189   0.09780  -0.79883  
  #18	4   	-23052.00546	Yes        	4        	0.394    	0.185    	 0.32272   0.19630   0.18375   0.29723	-0.74122   0.11061   0.55172   0.07888  
      	     	          	           	          	           	             	                                      	 0.18184  -1.31470   0.18056   0.95230  
      	     	          	           	          	           	             	                                      	 0.96897   0.19290  -1.37091   0.20904  
      	     	          	           	          	           	             	                                      	 0.08564   0.62895   0.12923  -0.84383  
  #19	4   	-23137.15223	Yes        	4        	0.764    	0.197    	 0.31622   0.19805   0.18436   0.30137	-0.73289   0.11530   0.53059   0.08700  
      	     	          	           	          	           	             	                                      	 0.18410  -1.39809   0.24390   0.97008  
      	     	          	           	          	           	             	                                      	 0.91009   0.26201  -1.32298   0.15089  
      	     	          	           	          	           	             	                                      	 0.09128   0.63749   0.09230  -0.82108  
  #20	4   	-22922.37583	Yes        	4        	0.313    	0.204    	 0.31926   0.19715   0.17934   0.30425	-0.78021   0.12848   0.53887   0.11286  
      	     	          	           	          	           	             	                                      	 0.20806  -1.31605   0.17920   0.92879  
      	     	          	           	          	           	             	                                      	 0.95929   0.19700  -1.33733   0.18104  
      	     	          	           	          	           	             	                                      	 0.11843   0.60186   0.10671  -0.82700  
  #21	4   	-23206.20408	Yes        	4        	0.380    	0.186    	 0.32222   0.19524   0.17891   0.30363	-0.78974   0.13950   0.54798   0.10226  
      	     	          	           	          	           	             	                                      	 0.23023  -1.30258   0.20990   0.86245  
      	     	          	           	          	           	             	                                      	 0.98693   0.22907  -1.41809   0.20210  
      	     	          	           	          	           	             	                                      	 0.10853   0.55459   0.11909  -0.78220  
  #22	4   	-23141.89036	Yes        	4        	1.576    	0.184    	 0.31480   0.19774   0.17793   0.30953	-0.75378   0.09802   0.57060   0.08516  
      	     	          	           	          	           	             	                                      	 0.15605  -1.26613   0.21794   0.89214  
      	     	          	           	          	           	             	                                      	 1.00955   0.24221  -1.49455   0.24279  
      	     	          	           	          	           	             	                                      	 0.08661   0.56994   0.13956  -0.79612  
  #23	4   	-23119.53335	Yes        	4        	0.265    	0.203    	 0.32198   0.20018   0.17586   0.30198	-0.77091   0.08493   0.58590   0.10008  
      	     	          	           	          	           	             	                                      	 0.13662  -1.22965   0.19426   0.89877  
      	     	          	           	          	           	             	                                      	 1.07274   0.22113  -1.48139   0.18753  
      	     	          	           	          	           	             	                                      	 0.10670   0.59578   0.10921  -0.81169  
  #24	4   	-22983.64758	Yes        	4        	1.897    	0.203    	 0.32436   0.19775   0.17987   0.29803	-0.78067   0.15456   0.54987   0.07624  
      	     	          	           	          	           	             	                                      	 0.25352  -1.30980   0.17988   0.87640  
      	     	          	           	          	           	             	                                      	 0.99159   0.19776  -1.40011   0.21075  
      	     	          	           	          	           	             	                                      	 0.08297   0.58151   0.12719  -0.79167  
  #25	4   	-23200.62930	Yes        	4        	0.429    	0.189    	 0.32881   0.19604   0.17604   0.29912	-0.78703   0.17280   0.50559   0.10864  
      	     	          	           	          	           	             	                                      	 0.28983  -1.34099   0.20525   0.84592  
      	     	          	           	          	           	             	                                      	 0.94433   0.22856  -1.37259   0.19970  
      	     	          	           	          	           	             	                                      	 0.11943   0.55440   0.11753  -0.79135  
  #26	4   	-23285.18283	Yes        	4        	0.564    	0.193    	 0.31789   0.19709   0.17770   0.30733	-0.72870   0.13684   0.49736   0.09449  
      	     	          	           	          	           	             	                                      	 0.22072  -1.36845   0.16429   0.98344  
      	     	          	           	          	           	             	                                      	 0.88973   0.18221  -1.30917   0.23723  
      	     	          	           	          	           	             	                                      	 0.09774   0.63067   0.13717  -0.86557  
  #27	4   	-23278.12337	Yes        	4        	0.498    	0.191    	 0.32084   0.19161   0.18132   0.30623	-0.78984   0.11029   0.58390   0.09564  
      	     	          	           	          	           	             	                                      	 0.18468  -1.28325   0.21309   0.88548  
      	     	          	           	          	           	             	                                      	 1.03321   0.22518  -1.45744   0.19905  
      	     	          	           	          	           	             	                                      	 0.10021   0.55404   0.11786  -0.77211  
  #28	4   	-23463.44141	Yes        	4        	0.494    	0.190    	 0.31814   0.19968   0.17950   0.30268	-0.77282   0.12179   0.54459   0.10643  
      	     	          	           	          	           	             	                                      	 0.19404  -1.26088   0.20014   0.86671  
      	     	          	           	          	           	             	                                      	 0.96518   0.22264  -1.41681   0.22900  
      	     	          	           	          	           	             	                                      	 0.11187   0.57179   0.13581  -0.81948  
  #29	4   	-23279.68353	Yes        	4        	0.342    	0.185    	 0.31406   0.19697   0.18469   0.30428	-0.83168   0.13583   0.60202   0.09383  
      	     	          	           	          	           	             	                                      	 0.21657  -1.24818   0.17674   0.85487  
      	     	          	           	          	           	             	                                      	 1.02369   0.18849  -1.40500   0.19282  
      	     	          	           	          	           	             	                                      	 0.09684   0.55337   0.11704  -0.76725  
  #30	4   	-22994.42926	Yes        	4        	0.375    	0.185    	 0.31685   0.19542   0.17805   0.30969	-0.73985   0.09652   0.55275   0.09059  
      	     	          	           	          	           	             	                                      	 0.15650  -1.31878   0.19991   0.96236  
      	     	          	           	          	           	             	                                      	 0.98367   0.21942  -1.41903   0.21595  
      	     	          	           	          	           	             	                                      	 0.09268   0.60726   0.12415  -0.82410  
  #31	4   	-23333.14400	Yes        	4        	0.366    	0.185    	 0.31552   0.19619   0.18763   0.30066	-0.75836   0.08777   0.59617   0.07442  
      	     	          	           	          	           	             	                                      	 0.14115  -1.26379   0.22153   0.90111  
      	     	          	           	          	           	             	                                      	 1.00251   0.23164  -1.44984   0.21569  
      	     	          	           	          	           	             	                                      	 0.07810   0.58801   0.13461  -0.80072  
  #32	4   	-23158.63719	Yes        	4        	0.463    	0.190    	 0.32664   0.19676   0.17680   0.29980	-0.75778   0.12337   0.53217   0.10224  
      	     	          	           	          	           	             	                                      	 0.20480  -1.31612   0.20748   0.90384  
      	     	          	           	          	           	             	                                      	 0.98323   0.23091  -1.40541   0.19127  
      	     	          	           	          	           	             	                                      	 0.11139   0.59318   0.11279  -0.81737  
  #33	4   	-23274.24710	Yes        	4        	0.705    	0.196    	 0.32026   0.19101   0.17333   0.31540	-0.78307   0.12093   0.55087   0.11127  
      	     	          	           	          	           	             	                                      	 0.20276  -1.30982   0.19833   0.90873  
      	     	          	           	          	           	             	                                      	 1.01780   0.21855  -1.45417   0.21782  
      	     	          	           	          	           	             	                                      	 0.11298   0.55035   0.11971  -0.78304  
  #34	4   	-23327.83993	Yes        	4        	0.457    	0.190    	 0.32255   0.19502   0.17989   0.30254	-0.80112   0.16228   0.54760   0.09124  
      	     	          	           	          	           	             	                                      	 0.26839  -1.31775   0.24232   0.80704  
      	     	          	           	          	           	             	                                      	 0.98186   0.26270  -1.44998   0.20542  
      	     	          	           	          	           	             	                                      	 0.09728   0.52022   0.12214  -0.73964  
  #35	4   	-23116.98322	Yes        	4        	0.404    	0.187    	 0.32572   0.19114   0.17895   0.30419	-0.77917   0.14786   0.56391   0.06740  
      	     	          	           	          	           	             	                                      	 0.25195  -1.33120   0.19548   0.88377  
      	     	          	           	          	           	             	                                      	 1.02639   0.20879  -1.45826   0.22308  
      	     	          	           	          	           	             	                                      	 0.07217   0.55534   0.13124  -0.75875  
  #36	4   	-23115.48035	Yes        	4        	382.584    	0.214    	 0.32123   0.19113   0.18357   0.30408	-0.82862   0.15205   0.59259   0.08398  
      	     	          	           	          	           	             	                                      	 0.25555  -1.26730   0.22905   0.78271  
      	     	          	           	          	           	             	                                      	 1.03699   0.23848  -1.49582   0.22035  
      	     	          	           	          	           	             	                                      	 0.08872   0.49197   0.13302  -0.71371  
  #37	4   	-23149.67028	Yes        	4        	0.305    	0.258    	 0.32619   0.19058   0.17998   0.30324	-0.73848   0.11093   0.56395   0.06359  
      	     	          	           	          	           	             	                                      	 0.18986  -1.35821   0.21363   0.95472  
      	     	          	           	          	           	             	                                      	 1.02208   0.22621  -1.45079   0.20250  
      	     	          	           	          	           	             	                                      	 0.06841   0.60003   0.12019  -0.78863  
  #38	4   	-23094.35936	Yes        	4        	0.260    	0.287    	 0.32448   0.19741   0.17450   0.30361	-0.76060   0.14997   0.49775   0.11289  
      	     	          	           	          	           	             	                                      	 0.24650  -1.34866   0.24136   0.86080  
      	     	          	           	          	           	             	                                      	 0.92555   0.27303  -1.40273   0.20415  
      	     	          	           	          	           	             	                                      	 0.12065   0.55969   0.11734  -0.79768  
  #39	4   	-22976.17278	Yes        	4        	0.613    	0.194    	 0.32477   0.19283   0.18419   0.29821	-0.73242   0.10772   0.53131   0.09339  
      	     	          	           	          	           	             	                                      	 0.18141  -1.38278   0.28601   0.91536  
      	     	          	           	          	           	             	                                      	 0.93680   0.29943  -1.40165   0.16543  
      	     	          	           	          	           	             	                                      	 0.10171   0.59191   0.10218  -0.79580  
  #40	4   	-23267.28990	Yes        	4        	0.658    	0.195    	 0.32322   0.19789   0.17970   0.29918	-0.80108   0.14451   0.56309   0.09347  
      	     	          	           	          	           	             	                                      	 0.23604  -1.25481   0.19257   0.82621  
      	     	          	           	          	           	             	                                      	 1.01280   0.21206  -1.44449   0.21963  
      	     	          	           	          	           	             	                                      	 0.10098   0.54648   0.13192  -0.77938  
  #41	4   	-23251.98487	Yes        	4        	0.339    	0.227    	 0.32860   0.19134   0.17910   0.30096	-0.77953   0.12362   0.58206   0.07385  
      	     	          	           	          	           	             	                                      	 0.21231  -1.31015   0.19512   0.90272  
      	     	          	           	          	           	             	                                      	 1.06789   0.20845  -1.46498   0.18863  
      	     	          	           	          	           	             	                                      	 0.08064   0.57392   0.11226  -0.76682  
  #42	4   	-23315.41720	Yes        	4        	0.656    	0.195    	 0.32493   0.19333   0.18922   0.29252	-0.70666   0.11022   0.53533   0.06111  
      	     	          	           	          	           	             	                                      	 0.18524  -1.37595   0.22135   0.96935  
      	     	          	           	          	           	             	                                      	 0.91929   0.22615  -1.35785   0.21241  
      	     	          	           	          	           	             	                                      	 0.06788   0.64063   0.13740  -0.84591  
  #43	4   	-23118.39030	Yes        	4        	1.579    	0.184    	 0.32328   0.19342   0.18343   0.29987	-0.75606   0.12974   0.54760   0.07873  
      	     	          	           	          	           	             	                                      	 0.21684  -1.36961   0.19794   0.95483  
      	     	          	           	          	           	             	                                      	 0.96514   0.20872  -1.35165   0.17778  
      	     	          	           	          	           	             	                                      	 0.08487   0.61587   0.10875  -0.80949  
  #44	4   	-22975.06343	Yes        	4        	0.387    	0.188    	 0.32100   0.19822   0.17856   0.30223	-0.75272   0.17354   0.47397   0.10521  
      	     	          	           	          	           	             	                                      	 0.28104  -1.40603   0.31612   0.80888  
      	     	          	           	          	           	             	                                      	 0.85206   0.35091  -1.40115   0.19817  
      	     	          	           	          	           	             	                                      	 0.11175   0.53051   0.11708  -0.75934  
  #45	4   	-23298.18630	Yes        	4        	0.489    	0.191    	 0.31784   0.19565   0.17823   0.30829	-0.81213   0.14890   0.54846   0.11476  
      	     	          	           	          	           	             	                                      	 0.24189  -1.32125   0.22222   0.85713  
      	     	          	           	          	           	             	                                      	 0.97807   0.24394  -1.39427   0.17226  
      	     	          	           	          	           	             	                                      	 0.11832   0.54397   0.09959  -0.76188  
  #46	4   	-23255.12134	Yes        	4        	0.755    	0.197    	 0.32329   0.19494   0.17519   0.30657	-0.73896   0.13162   0.53494   0.07240  
      	     	          	           	          	           	             	                                      	 0.21827  -1.35115   0.23161   0.90126  
      	     	          	           	          	           	             	                                      	 0.98716   0.25773  -1.47465   0.22977  
      	     	          	           	          	           	             	                                      	 0.07635   0.57310   0.13130  -0.78075  
  #47	4   	-23064.83905	Yes        	4        	0.972    	0.200    	 0.32413   0.19756   0.18128   0.29703	-0.74636   0.11068   0.50334   0.13234  
      	     	          	           	          	           	             	                                      	 0.18159  -1.26610   0.26610   0.81841  
      	     	          	           	          	           	             	                                      	 0.89999   0.28999  -1.43177   0.24179  
      	     	          	           	          	           	             	                                      	 0.14441   0.54432   0.14756  -0.83629  
  #48	4   	-23089.07036	Yes        	4        	0.342    	0.206    	 0.32814   0.19062   0.18319   0.29805	-0.73875   0.08477   0.54370   0.11027  
      	     	          	           	          	           	             	                                      	 0.14593  -1.27655   0.23361   0.89701  
      	     	          	           	          	           	             	                                      	 0.97389   0.24307  -1.44665   0.22968  
      	     	          	           	          	           	             	                                      	 0.12140   0.57367   0.14117  -0.83624  
  #49	4   	-23048.53845	Yes        	4        	1.457    	0.203    	 0.32315   0.19631   0.17878   0.30175	-0.71536   0.15268   0.48398   0.07871  
      	     	          	           	          	           	             	                                      	 0.25132  -1.42860   0.25245   0.92483  
      	     	          	           	          	           	             	                                      	 0.87479   0.27720  -1.36293   0.21094  
      	     	          	           	          	           	             	                                      	 0.08429   0.60168   0.12498  -0.81095  
  #50	4   	-23021.40778	Yes        	4        	0.683    	0.196    	 0.31812   0.19428   0.17886   0.30874	-0.75838   0.09978   0.56093   0.09766  
      	     	          	           	          	           	             	                                      	 0.16339  -1.31366   0.23003   0.92024  
      	     	          	           	          	           	             	                                      	 0.99769   0.24986  -1.44475   0.19720  
      	     	          	           	          	           	             	                                      	 0.10063   0.57907   0.11424  -0.79394  
  #51	4   	-23255.84432	Yes        	4        	0.598    	0.194    	 0.31927   0.19783   0.18335   0.29954	-0.79231   0.13325   0.57303   0.08602  
      	     	          	           	          	           	             	                                      	 0.21506  -1.25663   0.17157   0.87000  
      	     	          	           	          	           	             	                                      	 0.99781   0.18512  -1.40645   0.22351  
      	     	          	           	          	           	             	                                      	 0.09169   0.57459   0.13682  -0.80309  
  #52	4   	-23066.49023	Yes        	4        	0.790    	0.198    	 0.33040   0.18686   0.17311   0.30963	-0.73569   0.13050   0.53377   0.07142  
      	     	          	           	          	           	             	                                      	 0.23074  -1.41167   0.20417   0.97677  
      	     	          	           	          	           	             	                                      	 1.01878   0.22039  -1.44862   0.20945  
      	     	          	           	          	           	             	                                      	 0.07621   0.58948   0.11710  -0.78279  
  #53	4   	-23108.69991	Yes        	4        	0.593    	0.193    	 0.32699   0.18985   0.18285   0.30030	-0.85406   0.12308   0.63226   0.09872  
      	     	          	           	          	           	             	                                      	 0.21200  -1.16757   0.18624   0.76933  
      	     	          	           	          	           	             	                                      	 1.13065   0.19337  -1.53901   0.21498  
      	     	          	           	          	           	             	                                      	 0.10749   0.48637   0.13090  -0.72477  
  #54	4   	-23245.61006	Yes        	4        	1.447    	0.203    	 0.32464   0.19380   0.18054   0.30102	-0.76100   0.15301   0.49263   0.11536  
      	     	          	           	          	           	             	                                      	 0.25630  -1.36743   0.25482   0.85631  
      	     	          	           	          	           	             	                                      	 0.88586   0.27354  -1.36773   0.20833  
      	     	          	           	          	           	             	                                      	 0.12441   0.55130   0.12494  -0.80065  
  #55	4   	-23093.67848	Yes        	4        	0.411    	0.190    	 0.32102   0.19125   0.18096   0.30676	-0.77892   0.13282   0.54356   0.10255  
      	     	          	           	          	           	             	                                      	 0.22294  -1.29861   0.24002   0.83565  
      	     	          	           	          	           	             	                                      	 0.96426   0.25367  -1.46231   0.24438  
      	     	          	           	          	           	             	                                      	 0.10731   0.52099   0.14416  -0.77247  
  #56	4   	-22895.37992	Yes        	4        	2.096    	0.206    	 0.32154   0.19565   0.18186   0.30095	-0.72177   0.14351   0.47085   0.10741  
      	     	          	           	          	           	             	                                      	 0.23585  -1.36250   0.19772   0.92892  
      	     	          	           	          	           	             	                                      	 0.83251   0.21272  -1.30638   0.26115  
      	     	          	           	          	           	             	                                      	 0.11476   0.60390   0.15781  -0.87647  
  #57	4   	-23006.25051	Yes        	4        	0.575    	0.193    	 0.32293   0.19349   0.18289   0.30069	-0.77110   0.13713   0.52751   0.10646  
      	     	          	           	          	           	             	                                      	 0.22886  -1.37859   0.23653   0.91321  
      	     	          	           	          	           	             	                                      	 0.93141   0.25023  -1.33761   0.15597  
      	     	          	           	          	           	             	                                      	 0.11433   0.58765   0.09487  -0.79686  
  #58	4   	-22952.73421	Yes        	4        	0.506    	0.191    	 0.32521   0.19328   0.17806   0.30345	-0.75356   0.10836   0.56232   0.08288  
      	     	          	           	          	           	             	                                      	 0.18232  -1.31742   0.19042   0.94468  
      	     	          	           	          	           	             	                                      	 1.02705   0.20670  -1.43334   0.19959  
      	     	          	           	          	           	             	                                      	 0.08883   0.60172   0.11712  -0.80766  
  #59	4   	-22972.35644	Yes        	4        	0.421    	0.188    	 0.32424   0.19718   0.17453   0.30405	-0.77617   0.12544   0.55029   0.10044  
      	     	          	           	          	           	             	                                      	 0.20628  -1.30446   0.19928   0.89890  
      	     	          	           	          	           	             	                                      	 1.02234   0.22515  -1.42964   0.18215  
      	     	          	           	          	           	             	                                      	 0.10712   0.58295   0.10456  -0.79463  
  #60	4   	-23174.55868	Yes        	4        	0.454    	0.190    	 0.31749   0.19753   0.17765   0.30734	-0.77299   0.14247   0.52156   0.10897  
      	     	          	           	          	           	             	                                      	 0.22899  -1.35995   0.23604   0.89492  
      	     	          	           	          	           	             	                                      	 0.93213   0.26246  -1.37014   0.17556  
      	     	          	           	          	           	             	                                      	 0.11257   0.57517   0.10148  -0.78921  
  #61	4   	-23177.79447	Yes        	4        	0.310    	0.207    	 0.32061   0.19688   0.17883   0.30368	-0.71865   0.14808   0.49881   0.07176  
      	     	          	           	          	           	             	                                      	 0.24113  -1.40414   0.23364   0.92936  
      	     	          	           	          	           	             	                                      	 0.89429   0.25723  -1.37867   0.22714  
      	     	          	           	          	           	             	                                      	 0.07576   0.60252   0.13376  -0.81204  
  #62	4   	-23276.12154	Yes        	4        	0.335    	0.233    	 0.32417   0.19322   0.18022   0.30239	-0.83259   0.14762   0.59043   0.09455  
      	     	          	           	          	           	             	                                      	 0.24766  -1.28650   0.19313   0.84570  
      	     	          	           	          	           	             	                                      	 1.06202   0.20705  -1.43208   0.16301  
      	     	          	           	          	           	             	                                      	 0.10136   0.54038   0.09715  -0.73889  
  #63	4   	-23236.97328	Yes        	4        	0.394    	0.188    	 0.31715   0.19952   0.18132   0.30201	-0.72787   0.09992   0.53118   0.09678  
      	     	          	           	          	           	             	                                      	 0.15882  -1.32135   0.23979   0.92274  
      	     	          	           	          	           	             	                                      	 0.92912   0.26387  -1.39816   0.20516  
      	     	          	           	          	           	             	                                      	 0.10163   0.60962   0.12317  -0.83443  
  #64	4   	-23196.68744	Yes        	4        	0.610    	0.194    	 0.32393   0.19002   0.18126   0.30479	-0.78026   0.14519   0.55010   0.08496  
      	     	          	           	          	           	             	                                      	 0.24751  -1.35397   0.20120   0.90527  
      	     	          	           	          	           	             	                                      	 0.98307   0.21092  -1.39814   0.20415  
      	     	          	           	          	           	             	                                      	 0.09030   0.56438   0.12141  -0.77608  
  #65	4   	-23006.18920	Yes        	4        	0.236    	0.285    	 0.32769   0.19547   0.18194   0.29491	-0.75293   0.09834   0.58030   0.07430  
      	     	          	           	          	           	             	                                      	 0.16485  -1.27419   0.19575   0.91358  
      	     	          	           	          	           	             	                                      	 1.04517   0.21031  -1.45574   0.20027  
      	     	          	           	          	           	             	                                      	 0.08256   0.60552   0.12355  -0.81163  
  #66	4   	-22918.80257	Yes        	4        	0.444    	0.190    	 0.32570   0.19583   0.17948   0.29899	-0.76056   0.14591   0.52004   0.09461  
      	     	          	           	          	           	             	                                      	 0.24268  -1.34927   0.18272   0.92387  
      	     	          	           	          	           	             	                                      	 0.94374   0.19937  -1.34136   0.19826  
      	     	          	           	          	           	             	                                      	 0.10306   0.60510   0.11901  -0.82716  
  #67	4   	-23139.56627	Yes        	4        	0.831    	0.198    	 0.32114   0.19648   0.18191   0.30047	-0.78704   0.13772   0.57903   0.07029  
      	     	          	           	          	           	             	                                      	 0.22510  -1.29198   0.22097   0.84592  
      	     	          	           	          	           	             	                                      	 1.02220   0.23866  -1.46771   0.20686  
      	     	          	           	          	           	             	                                      	 0.07513   0.55315   0.12524  -0.75351  
  #68	4   	-23205.33939	Yes        	4        	0.367    	0.208    	 0.31434   0.19551   0.18198   0.30816	-0.76483   0.13606   0.55370   0.07506  
      	     	          	           	          	           	             	                                      	 0.21877  -1.32434   0.22129   0.88429  
      	     	          	           	          	           	             	                                      	 0.95643   0.23773  -1.43281   0.23866  
      	     	          	           	          	           	             	                                      	 0.07657   0.56102   0.14094  -0.77852  
  #69	4   	-23215.29063	Yes        	4        	0.495    	0.191    	 0.31537   0.19825   0.17929   0.30709	-0.75561   0.12067   0.53160   0.10334  
      	     	          	           	          	           	             	                                      	 0.19195  -1.33654   0.20128   0.94331  
      	     	          	           	          	           	             	                                      	 0.93506   0.22256  -1.35168   0.19406  
      	     	          	           	          	           	             	                                      	 0.10613   0.60897   0.11330  -0.82840  
  #70	4   	-23218.69127	Yes        	4        	0.460    	0.190    	 0.32396   0.19825   0.18161   0.29618	-0.80682   0.15879   0.56500   0.08302  
      	     	          	           	          	           	             	                                      	 0.25948  -1.30570   0.20766   0.83855  
      	     	          	           	          	           	             	                                      	 1.00789   0.22669  -1.40644   0.17186  
      	     	          	           	          	           	             	                                      	 0.09081   0.56128   0.10538  -0.75747  
  #71	4   	-23027.70998	Yes        	4        	0.868    	0.199    	 0.31670   0.20014   0.18041   0.30275	-0.78990   0.15195   0.55253   0.08542  
      	     	          	           	          	           	             	                                      	 0.24045  -1.33064   0.21103   0.87916  
      	     	          	           	          	           	             	                                      	 0.96991   0.23410  -1.37946   0.17545  
      	     	          	           	          	           	             	                                      	 0.08935   0.58118   0.10456  -0.77509  
  #72	4   	-23053.08793	Yes        	4        	0.690    	0.196    	 0.31843   0.20099   0.18278   0.29780	-0.75158   0.13432   0.51909   0.09817  
      	     	          	           	          	           	             	                                      	 0.21280  -1.37386   0.27308   0.88798  
      	     	          	           	          	           	             	                                      	 0.90434   0.30030  -1.35407   0.14943  
      	     	          	           	          	           	             	                                      	 0.10496   0.59931   0.09172  -0.79599  
  #73	4   	-23385.03961	Yes        	4        	1.844    	0.187    	 0.32069   0.19565   0.18355   0.30010	-0.76614   0.10957   0.57251   0.08406  
      	     	          	           	          	           	             	                                      	 0.17959  -1.25700   0.25139   0.82601  
      	     	          	           	          	           	             	                                      	 1.00028   0.26797  -1.50529   0.23704  
      	     	          	           	          	           	             	                                      	 0.08982   0.53852   0.14497  -0.77331  
  #74	4   	-23173.01323	Yes        	4        	0.737    	0.197    	 0.32221   0.19812   0.17984   0.29983	-0.75725   0.13204   0.53105   0.09416  
      	     	          	           	          	           	             	                                      	 0.21474  -1.31093   0.21199   0.88420  
      	     	          	           	          	           	             	                                      	 0.95142   0.23353  -1.40088   0.21592  
      	     	          	           	          	           	             	                                      	 0.10119   0.58426   0.12952  -0.81496  
  #75	4   	-22980.11163	Yes        	4        	0.238    	0.253    	 0.32328   0.19799   0.17504   0.30369	-0.77116   0.10037   0.58144   0.08935  
      	     	          	           	          	           	             	                                      	 0.16389  -1.26807   0.20779   0.89639  
      	     	          	           	          	           	             	                                      	 1.07385   0.23503  -1.49219   0.18330  
      	     	          	           	          	           	             	                                      	 0.09511   0.58439   0.10565  -0.78515  
  #76	4   	-22881.23727	Yes        	4        	0.991    	0.200    	 0.31797   0.19492   0.17920   0.30791	-0.76971   0.11895   0.53905   0.11171  
      	     	          	           	          	           	             	                                      	 0.19404  -1.30986   0.22648   0.88935  
      	     	          	           	          	           	             	                                      	 0.95650   0.24634  -1.41354   0.21070  
      	     	          	           	          	           	             	                                      	 0.11537   0.56299   0.12262  -0.80098  
  #77	4   	-23317.57180	Yes        	4        	0.549    	0.192    	 0.32937   0.19620   0.17079   0.30364	-0.77757   0.15577   0.50656   0.11524  
      	     	          	           	          	           	             	                                      	 0.26150  -1.30003   0.19291   0.84563  
      	     	          	           	          	           	             	                                      	 0.97691   0.22161  -1.43350   0.23498  
      	     	          	           	          	           	             	                                      	 0.12501   0.54640   0.13217  -0.80358  
  #78	4   	-23278.39857	Yes        	4        	0.481    	0.190    	 0.31900   0.19729   0.18494   0.29878	-0.75779   0.11723   0.52886   0.11170  
      	     	          	           	          	           	             	                                      	 0.18955  -1.29346   0.16878   0.93513  
      	     	          	           	          	           	             	                                      	 0.91221   0.18005  -1.31115   0.21889  
      	     	          	           	          	           	             	                                      	 0.11926   0.61748   0.13549  -0.87223  
  #79	4   	-23189.72878	Yes        	4        	0.622    	0.194    	 0.32251   0.19265   0.18237   0.30247	-0.83656   0.16613   0.60971   0.06072  
      	     	          	           	          	           	             	                                      	 0.27812  -1.28355   0.18525   0.82018  
      	     	          	           	          	           	             	                                      	 1.07823   0.19568  -1.47407   0.20017  
      	     	          	           	          	           	             	                                      	 0.06474   0.52239   0.12069  -0.70783  
  #80	4   	-23170.68320	Yes        	4        	0.328    	0.260    	 0.32379   0.19478   0.17952   0.30191	-0.77546   0.10666   0.56352   0.10528  
      	     	          	           	          	           	             	                                      	 0.17730  -1.28009   0.23862   0.86417  
      	     	          	           	          	           	             	                                      	 1.01637   0.25891  -1.46530   0.19002  
      	     	          	           	          	           	             	                                      	 0.11291   0.55754   0.11299  -0.78343  
  #81	4   	-23028.57486	Yes        	4        	0.565    	0.194    	 0.32387   0.19351   0.18464   0.29798	-0.83415   0.13921   0.56168   0.13326  
      	     	          	           	          	           	             	                                      	 0.23299  -1.25395   0.24004   0.78093  
      	     	          	           	          	           	             	                                      	 0.98522   0.25158  -1.41161   0.17482  
      	     	          	           	          	           	             	                                      	 0.14483   0.50715   0.10832  -0.76030  
  #82	4   	-22809.48358	Yes        	4        	0.319    	0.231    	 0.32081   0.19384   0.17766   0.30769	-0.81723   0.14132   0.57837   0.09754  
      	     	          	           	          	           	             	                                      	 0.23389  -1.27208   0.19245   0.84574  
      	     	          	           	          	           	             	                                      	 1.04435   0.20997  -1.46027   0.20595  
      	     	          	           	          	           	             	                                      	 0.10169   0.53279   0.11892  -0.75340  
  #83	4   	-23009.10823	Yes        	4        	1.248    	0.202    	 0.32580   0.19414   0.17760   0.30245	-0.74777   0.16382   0.49818   0.08576  
      	     	          	           	          	           	             	                                      	 0.27493  -1.41486   0.23121   0.90872  
      	     	          	           	          	           	             	                                      	 0.91388   0.25274  -1.36407   0.19745  
      	     	          	           	          	           	             	                                      	 0.09238   0.58330   0.11595  -0.79163  
  #84	4   	-23274.56408	Yes        	4        	0.701    	0.196    	 0.31600   0.20118   0.18213   0.30068	-0.77773   0.10740   0.56698   0.10336  
      	     	          	           	          	           	             	                                      	 0.16869  -1.27448   0.24061   0.86519  
      	     	          	           	          	           	             	                                      	 0.98371   0.26577  -1.42389   0.17441  
      	     	          	           	          	           	             	                                      	 0.10862   0.57889   0.10565  -0.79316  
  #85	4   	-23089.08124	Yes        	4        	0.392    	0.186    	 0.32321   0.19878   0.17697   0.30104	-0.73761   0.11703   0.53142   0.08916  
      	     	          	           	          	           	             	                                      	 0.19029  -1.27718   0.20484   0.88205  
      	     	          	           	          	           	             	                                      	 0.97056   0.23008  -1.45802   0.25737  
      	     	          	           	          	           	             	                                      	 0.09573   0.58242   0.15130  -0.82944  
  #86	4   	-23315.47130	Yes        	4        	0.431    	0.190    	 0.31862   0.19355   0.18286   0.30496	-0.78918   0.11171   0.58224   0.09524  
      	     	          	           	          	           	             	                                      	 0.18390  -1.24500   0.20949   0.85162  
      	     	          	           	          	           	             	                                      	 1.01452   0.22174  -1.47234   0.23607  
      	     	          	           	          	           	             	                                      	 0.09950   0.54050   0.14155  -0.78155  
  #87	4   	-23163.11303	Yes        	4        	0.737    	0.197    	 0.32367   0.19210   0.18368   0.30056	-0.76438   0.14123   0.54430   0.07886  
      	     	          	           	          	           	             	                                      	 0.23795  -1.32769   0.21163   0.87811  
      	     	          	           	          	           	             	                                      	 0.95914   0.22134  -1.41596   0.23549  
      	     	          	           	          	           	             	                                      	 0.08492   0.56125   0.14391  -0.79008  
  #88	4   	-23171.12985	Yes        	4        	0.530    	0.192    	 0.32311   0.19852   0.17923   0.29914	-0.72257   0.12901   0.50300   0.09057  
      	     	          	           	          	           	             	                                      	 0.20997  -1.36540   0.23411   0.92132  
      	     	          	           	          	           	             	                                      	 0.90676   0.25931  -1.37336   0.20729  
      	     	          	           	          	           	             	                                      	 0.09782   0.61143   0.12420  -0.83345  
  #89	4   	-22950.00077	Yes        	4        	0.366    	0.187    	 0.32158   0.19854   0.18018   0.29970	-0.75522   0.12149   0.52379   0.10994  
      	     	          	           	          	           	             	                                      	 0.19677  -1.29969   0.18618   0.91673  
      	     	          	           	          	           	             	                                      	 0.93483   0.20515  -1.35178   0.21180  
      	     	          	           	          	           	             	                                      	 0.11797   0.60731   0.12734  -0.85262  
  #90	4   	-22983.23725	Yes        	4        	1.464    	0.204    	 0.31731   0.19594   0.18179   0.30495	-0.78051   0.11252   0.56421   0.10377  
      	     	          	           	          	           	             	                                      	 0.18222  -1.25084   0.18551   0.88311  
      	     	          	           	          	           	             	                                      	 0.98483   0.19995  -1.42103   0.23624  
      	     	          	           	          	           	             	                                      	 0.10798   0.56742   0.14083  -0.81623  
  #91	4   	-23196.79408	Yes        	4        	0.328    	0.202    	 0.31914   0.19715   0.18015   0.30357	-0.77761   0.12559   0.57434   0.07769  
      	     	          	           	          	           	             	                                      	 0.20330  -1.28996   0.19370   0.89296  
      	     	          	           	          	           	             	                                      	 1.01746   0.21198  -1.43818   0.20874  
      	     	          	           	          	           	             	                                      	 0.08167   0.57991   0.12387  -0.78546  
  #92	4   	-23195.26779	Yes        	4        	0.334    	0.205    	 0.32678   0.19558   0.17530   0.30233	-0.72767   0.12611   0.51016   0.09140  
      	     	          	           	          	           	             	                                      	 0.21071  -1.37468   0.21450   0.94947  
      	     	          	           	          	           	             	                                      	 0.95099   0.23932  -1.38743   0.19712  
      	     	          	           	          	           	             	                                      	 0.09879   0.61423   0.11430  -0.82733  
  #93	4   	-23004.41992	Yes        	4        	0.534    	0.192    	 0.32641   0.19449   0.18069   0.29841	-0.77038   0.10257   0.58551   0.08230  
      	     	          	           	          	           	             	                                      	 0.17214  -1.25064   0.23279   0.84572  
      	     	          	           	          	           	             	                                      	 1.05772   0.25057  -1.52290   0.21461  
      	     	          	           	          	           	             	                                      	 0.09002   0.55121   0.12995  -0.77119  
  #94	4   	-23054.02233	Yes        	4        	0.365    	0.207    	 0.32468   0.19658   0.18016   0.29857	-0.79687   0.16396   0.51949   0.11342  
      	     	          	           	          	           	             	                                      	 0.27080  -1.33375   0.16253   0.90043  
      	     	          	           	          	           	             	                                      	 0.93620   0.17734  -1.29289   0.17934  
      	     	          	           	          	           	             	                                      	 0.12334   0.59285   0.10822  -0.82441  
  #95	4   	-23054.08321	Yes        	4        	1.369    	0.203    	 0.33033   0.19526   0.17587   0.29854	-0.75904   0.14885   0.51981   0.09038  
      	     	          	           	          	           	             	                                      	 0.25183  -1.35779   0.28663   0.81933  
      	     	          	           	          	           	             	                                      	 0.97633   0.31822  -1.48401   0.18946  
      	     	          	           	          	           	             	                                      	 0.10000   0.53587   0.11161  -0.74748  
  #96	4   	-23339.73224	Yes        	4        	1.407    	0.203    	 0.32237   0.19607   0.18349   0.29807	-0.81952   0.17305   0.55594   0.09053  
      	     	          	           	          	           	             	                                      	 0.28452  -1.31715   0.22415   0.80848  
      	     	          	           	          	           	             	                                      	 0.97672   0.23953  -1.39795   0.18170  
      	     	          	           	          	           	             	                                      	 0.09791   0.53183   0.11185  -0.74159  
  #97	4   	-23144.27731	Yes        	4        	0.440    	0.190    	 0.32266   0.19963   0.18342   0.29429	-0.78620   0.11433   0.56433   0.10754  
      	     	          	           	          	           	             	                                      	 0.18478  -1.21236   0.16349   0.86409  
      	     	          	           	          	           	             	                                      	 0.99274   0.17795  -1.39525   0.22456  
      	     	          	           	          	           	             	                                      	 0.11791   0.58616   0.13995  -0.84402  
  #98	4   	-23339.51435	Yes        	4        	0.467    	0.190    	 0.32031   0.19857   0.18155   0.29957	-0.79878   0.12126   0.59065   0.08687  
      	     	          	           	          	           	             	                                      	 0.19560  -1.23781   0.17992   0.86230  
      	     	          	           	          	           	             	                                      	 1.04210   0.19679  -1.44374   0.20485  
      	     	          	           	          	           	             	                                      	 0.09288   0.57157   0.12414  -0.78859  
  #99	4   	-22797.94278	Yes        	4        	0.774    	0.197    	 0.33260   0.19346   0.17785   0.29610	-0.71394   0.10965   0.50907   0.09521  
      	     	          	           	          	           	             	                                      	 0.18852  -1.33456   0.19310   0.95295  
      	     	          	           	          	           	             	                                      	 0.95201   0.21004  -1.39167   0.22962  
      	     	          	           	          	           	             	                                      	 0.10695   0.62262   0.13792  -0.86748  
  #100	4   	-23317.64671	Yes        	4        	1.441    	0.183    	 0.32439   0.19428   0.17904   0.30230	-0.73764   0.11584   0.52711   0.09470  
      	     	          	           	          	           	             	                                      	 0.19342  -1.37310   0.25333   0.92635  
      	     	          	           	          	           	             	                                      	 0.95503   0.27489  -1.40605   0.17613  
      	     	          	           	          	           	             	                                      	 0.10162   0.59533   0.10431  -0.80127  
