. Sequence file : [Hominid_AMBN.phy]

. Model of nucleotides substitution : GTR

. Initial tree : [BioNJ]


. Data	Nb of 	Likelihood	Discrete   	Number of 	Gamma shape	Proportion of	Nucleotides frequencies               	Instantaneous rate matrix              	
  set	taxa	loglk     	gamma model	categories	parameter  	invariant    	f(A)      f(C)      f(G)      f(T)    	[A---------C---------G---------T------]	

  #1	4   	-24438.98620	Yes        	4        	0.626    	0.195    	 0.31733   0.19321   0.18113   0.30833	-0.74809   0.13618   0.50949   0.10243  
      	     	          	           	          	           	             	                                      	 0.22365  -1.38589   0.18503   0.97722  
      	     	          	           	          	           	             	                                      	 0.89258   0.19737  -1.30002   0.21007  
      	     	          	           	          	           	             	                                      	 0.10542   0.61237   0.12341  -0.84119  
  #2	4   	-24300.00650	Yes        	4        	0.379    	0.209    	 0.31730   0.18740   0.18698   0.30831	-0.75949   0.15465   0.51987   0.08496  
      	     	          	           	          	           	             	                                      	 0.26185  -1.44032   0.19379   0.98468  
      	     	          	           	          	           	             	                                      	 0.88222   0.19423  -1.28056   0.20411  
      	     	          	           	          	           	             	                                      	 0.08744   0.59852   0.12378  -0.80974  
  #3	4   	-24083.62487	Yes        	4        	1.011    	0.200    	 0.31858   0.19284   0.18641   0.30217	-0.78847   0.14916   0.54924   0.09007  
      	     	          	           	          	           	             	                                      	 0.24642  -1.31352   0.14698   0.92012  
      	     	          	           	          	           	             	                                      	 0.93866   0.15205  -1.32155   0.23083  
      	     	          	           	          	           	             	                                      	 0.09496   0.58721   0.14240  -0.82457  
  #4	4   	-24234.47619	Yes        	4        	881.981    	0.167    	 0.31915   0.19137   0.18344   0.30603	-0.84113   0.15332   0.59500   0.09281  
      	     	          	           	          	           	             	                                      	 0.25569  -1.27449   0.14907   0.86973  
      	     	          	           	          	           	             	                                      	 1.03517   0.15551  -1.39010   0.19942  
      	     	          	           	          	           	             	                                      	 0.09679   0.54387   0.11954  -0.76020  
  #5	4   	-24478.43077	Yes        	4        	0.322    	0.210    	 0.31766   0.19265   0.18353   0.30616	-0.80662   0.14104   0.55890   0.10668  
      	     	          	           	          	           	             	                                      	 0.23256  -1.30603   0.16751   0.90596  
      	     	          	           	          	           	             	                                      	 0.96737   0.17584  -1.34459   0.20138  
      	     	          	           	          	           	             	                                      	 0.11069   0.57008   0.12072  -0.80150  
  #6	4   	-24385.31212	Yes        	4        	0.809    	0.198    	 0.32200   0.18804   0.17990   0.31005	-0.78369   0.13247   0.55790   0.09332  
      	     	          	           	          	           	             	                                      	 0.22684  -1.31207   0.17082   0.91441  
      	     	          	           	          	           	             	                                      	 0.99854   0.17854  -1.41934   0.24225  
      	     	          	           	          	           	             	                                      	 0.09692   0.55458   0.14056  -0.79206  
  #7	4   	-24385.23826	Yes        	4        	0.435    	0.191    	 0.31885   0.19306   0.18598   0.30210	-0.77765   0.14417   0.54426   0.08922  
      	     	          	           	          	           	             	                                      	 0.23810  -1.34618   0.18516   0.92292  
      	     	          	           	          	           	             	                                      	 0.93310   0.19220  -1.33026   0.20496  
      	     	          	           	          	           	             	                                      	 0.09417   0.58979   0.12618  -0.81014  
  #8	4   	-24189.53074	Yes        	4        	0.922    	0.199    	 0.32012   0.18727   0.18121   0.31139	-0.77695   0.14512   0.53129   0.10055  
      	     	          	           	          	           	             	                                      	 0.24806  -1.40430   0.24181   0.91444  
      	     	          	           	          	           	             	                                      	 0.93859   0.24991  -1.38023   0.19174  
      	     	          	           	          	           	             	                                      	 0.10336   0.54995   0.11158  -0.76489  
  #9	4   	-24349.91765	Yes        	4        	0.450    	0.192    	 0.32023   0.19054   0.17936   0.30987	-0.81331   0.10457   0.58959   0.11914  
      	     	          	           	          	           	             	                                      	 0.17575  -1.23793   0.14328   0.91889  
      	     	          	           	          	           	             	                                      	 1.05263   0.15220  -1.41209   0.20726  
      	     	          	           	          	           	             	                                      	 0.12312   0.56502   0.11997  -0.80810  
  #10	4   	-24353.72145	Yes        	4        	0.571    	0.194    	 0.31651   0.19236   0.18054   0.31059	-0.81318   0.16095   0.56216   0.09007  
      	     	          	           	          	           	             	                                      	 0.26482  -1.28393   0.18200   0.83711  
      	     	          	           	          	           	             	                                      	 0.98556   0.19392  -1.43749   0.25801  
      	     	          	           	          	           	             	                                      	 0.09179   0.51847   0.14998  -0.76023  
  #11	4   	-24177.95443	Yes        	4        	0.655    	0.197    	 0.31434   0.19335   0.18094   0.31138	-0.77678   0.12557   0.56170   0.08951  
      	     	          	           	          	           	             	                                      	 0.20416  -1.31963   0.17865   0.93682  
      	     	          	           	          	           	             	                                      	 0.97585   0.19090  -1.38867   0.22192  
      	     	          	           	          	           	             	                                      	 0.09036   0.58171   0.12896  -0.80103  
  #12	4   	-24150.63972	Yes        	4        	0.299    	0.208    	 0.32412   0.19417   0.17808   0.30364	-0.76295   0.16363   0.51062   0.08870  
      	     	          	           	          	           	             	                                      	 0.27313  -1.35275   0.12677   0.95284  
      	     	          	           	          	           	             	                                      	 0.92936   0.13823  -1.30954   0.24195  
      	     	          	           	          	           	             	                                      	 0.09468   0.60933   0.14190  -0.84592  
  #13	4   	-24337.10400	Yes        	4        	0.704    	0.197    	 0.32588   0.18576   0.17610   0.31225	-0.78016   0.13685   0.55968   0.08364  
      	     	          	           	          	           	             	                                      	 0.24007  -1.35053   0.20495   0.90552  
      	     	          	           	          	           	             	                                      	 1.03570   0.21620  -1.47606   0.22416  
      	     	          	           	          	           	             	                                      	 0.08729   0.53870   0.12642  -0.75241  
  #14	4   	-24070.70327	Yes        	4        	0.269    	0.209    	 0.31996   0.19144   0.18356   0.30504	-0.83295   0.14359   0.60261   0.08675  
      	     	          	           	          	           	             	                                      	 0.23999  -1.27977   0.13758   0.90221  
      	     	          	           	          	           	             	                                      	 1.05042   0.14348  -1.38150   0.18759  
      	     	          	           	          	           	             	                                      	 0.09099   0.56621   0.11288  -0.77008  
  #15	4   	-24365.23589	Yes        	4        	6.216    	0.199    	 0.31643   0.19185   0.17951   0.31221	-0.80468   0.16691   0.53265   0.10512  
      	     	          	           	          	           	             	                                      	 0.27530  -1.34719   0.14068   0.93120  
      	     	          	           	          	           	             	                                      	 0.93893   0.15035  -1.31063   0.22135  
      	     	          	           	          	           	             	                                      	 0.10654   0.57221   0.12727  -0.80601  
  #16	4   	-24239.30664	Yes        	4        	0.377    	0.209    	 0.32980   0.18963   0.17619   0.30438	-0.78009   0.14029   0.54269   0.09711  
      	     	          	           	          	           	             	                                      	 0.24398  -1.26791   0.14026   0.88367  
      	     	          	           	          	           	             	                                      	 1.01586   0.15096  -1.44239   0.27557  
      	     	          	           	          	           	             	                                      	 0.10523   0.55055   0.15951  -0.81529  
  #17	4   	-24073.38893	Yes        	4        	2.499    	0.197    	 0.32739   0.19304   0.17334   0.30623	-0.78092   0.13807   0.53437   0.10849  
      	     	          	           	          	           	             	                                      	 0.23416  -1.29652   0.19992   0.86244  
      	     	          	           	          	           	             	                                      	 1.00930   0.22264  -1.45842   0.22647  
      	     	          	           	          	           	             	                                      	 0.11598   0.54365   0.12819  -0.78782  
  #18	4   	-24335.19651	Yes        	4        	0.709    	0.197    	 0.31865   0.19097   0.18343   0.30696	-0.75755   0.12724   0.52829   0.10202  
      	     	          	           	          	           	             	                                      	 0.21230  -1.34844   0.16233   0.97381  
      	     	          	           	          	           	             	                                      	 0.91774   0.16901  -1.31376   0.22701  
      	     	          	           	          	           	             	                                      	 0.10590   0.60586   0.13565  -0.84741  
  #19	4   	-24062.34504	Yes        	4        	1.996    	0.184    	 0.32469   0.19377   0.17715   0.30439	-0.79912   0.13465   0.59443   0.07004  
      	     	          	           	          	           	             	                                      	 0.22562  -1.30336   0.19102   0.88671  
      	     	          	           	          	           	             	                                      	 1.08951   0.20895  -1.47740   0.17894  
      	     	          	           	          	           	             	                                      	 0.07471   0.56447   0.10414  -0.74332  
  #20	4   	-24120.05813	Yes        	4        	0.737    	0.198    	 0.31853   0.18935   0.18081   0.31132	-0.81229   0.10952   0.59186   0.11092  
      	     	          	           	          	           	             	                                      	 0.18424  -1.24299   0.15368   0.90507  
      	     	          	           	          	           	             	                                      	 1.04268   0.16094  -1.42922   0.22560  
      	     	          	           	          	           	             	                                      	 0.11349   0.55048   0.13102  -0.79498  
  #21	4   	-24323.33422	Yes        	4        	0.678    	0.197    	 0.32117   0.19332   0.17841   0.30710	-0.78553   0.13911   0.57227   0.07414  
      	     	          	           	          	           	             	                                      	 0.23112  -1.32075   0.21079   0.87884  
      	     	          	           	          	           	             	                                      	 1.03019   0.22840  -1.46633   0.20775  
      	     	          	           	          	           	             	                                      	 0.07754   0.55323   0.12069  -0.75147  
  #22	4   	-24311.55147	Yes        	4        	0.769    	0.198    	 0.31625   0.19750   0.17475   0.31150	-0.78342   0.14448   0.55748   0.08146  
      	     	          	           	          	           	             	                                      	 0.23134  -1.33572   0.13788   0.96651  
      	     	          	           	          	           	             	                                      	 1.00887   0.15583  -1.35998   0.19528  
      	     	          	           	          	           	             	                                      	 0.08270   0.61281   0.10955  -0.80507  
  #23	4   	-24380.28758	Yes        	4        	0.527    	0.193    	 0.31497   0.19814   0.17922   0.30768	-0.82777   0.13951   0.60044   0.08782  
      	     	          	           	          	           	             	                                      	 0.22177  -1.23628   0.13856   0.87594  
      	     	          	           	          	           	             	                                      	 1.05527   0.15319  -1.42199   0.21354  
      	     	          	           	          	           	             	                                      	 0.08990   0.56408   0.12438  -0.77836  
  #24	4   	-24178.50038	Yes        	4        	0.516    	0.193    	 0.32416   0.19314   0.17973   0.30297	-0.70301   0.11641   0.52874   0.05786  
      	     	          	           	          	           	             	                                      	 0.19538  -1.35098   0.20935   0.94624  
      	     	          	           	          	           	             	                                      	 0.95363   0.22497  -1.45080   0.27220  
      	     	          	           	          	           	             	                                      	 0.06190   0.60322   0.16147  -0.82659  
  #25	4   	-24459.80221	Yes        	4        	0.679    	0.196    	 0.32258   0.19677   0.17744   0.30321	-0.82285   0.14627   0.59567   0.08092  
      	     	          	           	          	           	             	                                      	 0.23978  -1.26840   0.17086   0.85777  
      	     	          	           	          	           	             	                                      	 1.08293   0.18948  -1.45365   0.18124  
      	     	          	           	          	           	             	                                      	 0.08609   0.55666   0.10606  -0.74881  
  #26	4   	-24502.23803	Yes        	4        	0.319    	0.205    	 0.32502   0.19204   0.17827   0.30467	-0.78602   0.15375   0.51587   0.11641  
      	     	          	           	          	           	             	                                      	 0.26021  -1.31136   0.19382   0.85733  
      	     	          	           	          	           	             	                                      	 0.94056   0.20879  -1.38868   0.23932  
      	     	          	           	          	           	             	                                      	 0.12418   0.54039   0.14003  -0.80459  
  #27	4   	-24538.73856	Yes        	4        	0.596    	0.194    	 0.32269   0.19242   0.17700   0.30790	-0.72184   0.13743   0.49618   0.08823  
      	     	          	           	          	           	             	                                      	 0.23047  -1.43664   0.16162   1.04454  
      	     	          	           	          	           	             	                                      	 0.90460   0.17570  -1.27793   0.19763  
      	     	          	           	          	           	             	                                      	 0.09247   0.65279   0.11361  -0.85887  
  #28	4   	-24274.47947	Yes        	4        	0.330    	0.206    	 0.31931   0.18939   0.18048   0.31082	-0.79412   0.15616   0.55198   0.08599  
      	     	          	           	          	           	             	                                      	 0.26328  -1.37587   0.21772   0.89487  
      	     	          	           	          	           	             	                                      	 0.97655   0.22846  -1.40291   0.19790  
      	     	          	           	          	           	             	                                      	 0.08833   0.54527   0.11491  -0.74851  
  #29	4   	-24324.80529	Yes        	4        	0.715    	0.198    	 0.32359   0.19059   0.18355   0.30227	-0.77204   0.11900   0.53641   0.11663  
      	     	          	           	          	           	             	                                      	 0.20204  -1.25441   0.18209   0.87029  
      	     	          	           	          	           	             	                                      	 0.94569   0.18907  -1.40498   0.27022  
      	     	          	           	          	           	             	                                      	 0.12486   0.54875   0.16409  -0.83770  
  #30	4   	-24371.24324	Yes        	4        	0.921    	0.199    	 0.32315   0.18779   0.18289   0.30616	-0.76023   0.14537   0.54096   0.07391  
      	     	          	           	          	           	             	                                      	 0.25014  -1.38206   0.20656   0.92536  
      	     	          	           	          	           	             	                                      	 0.95583   0.21210  -1.39627   0.22833  
      	     	          	           	          	           	             	                                      	 0.07801   0.56760   0.13640  -0.78201  
  #31	4   	-24186.00070	Yes        	4        	382.584    	0.213    	 0.31990   0.19028   0.18095   0.30887	-0.77103   0.13910   0.53500   0.09692  
      	     	          	           	          	           	             	                                      	 0.23386  -1.32644   0.19576   0.89682  
      	     	          	           	          	           	             	                                      	 0.94580   0.20585  -1.40285   0.25119  
      	     	          	           	          	           	             	                                      	 0.10038   0.55249   0.14716  -0.80003  
  #32	4   	-24288.48125	Yes        	4        	0.400    	0.189    	 0.32623   0.19414   0.17859   0.30105	-0.75310   0.13020   0.53410   0.08880  
      	     	          	           	          	           	             	                                      	 0.21879  -1.27068   0.13612   0.91577  
      	     	          	           	          	           	             	                                      	 0.97564   0.14797  -1.40418   0.28057  
      	     	          	           	          	           	             	                                      	 0.09622   0.59056   0.16644  -0.85322  
  #33	4   	-24296.23747	Yes        	4        	1.539    	0.203    	 0.31777   0.19329   0.18471   0.30423	-0.80005   0.13989   0.55819   0.10198  
      	     	          	           	          	           	             	                                      	 0.22998  -1.30141   0.16612   0.90531  
      	     	          	           	          	           	             	                                      	 0.96028   0.17384  -1.34346   0.20934  
      	     	          	           	          	           	             	                                      	 0.10652   0.57520   0.12710  -0.80881  
  #34	4   	-24277.77843	Yes        	4        	0.595    	0.195    	 0.32719   0.19058   0.17637   0.30586	-0.74896   0.14821   0.53325   0.06750  
      	     	          	           	          	           	             	                                      	 0.25445  -1.39457   0.18564   0.95449  
      	     	          	           	          	           	             	                                      	 0.98927   0.20059  -1.40341   0.21356  
      	     	          	           	          	           	             	                                      	 0.07221   0.59473   0.12314  -0.79008  
  #35	4   	-24267.10442	Yes        	4        	0.399    	0.190    	 0.32066   0.18928   0.18675   0.30330	-0.73545   0.13850   0.51330   0.08364  
      	     	          	           	          	           	             	                                      	 0.23464  -1.45145   0.24194   0.97487  
      	     	          	           	          	           	             	                                      	 0.88137   0.24521  -1.30783   0.18125  
      	     	          	           	          	           	             	                                      	 0.08843   0.60838   0.11160  -0.80841  
  #36	4   	-24203.10633	Yes        	4        	0.307    	0.230    	 0.31611   0.18714   0.18561   0.31114	-0.78902   0.14400   0.57217   0.07285  
      	     	          	           	          	           	             	                                      	 0.24324  -1.36045   0.18082   0.93639  
      	     	          	           	          	           	             	                                      	 0.97449   0.18232  -1.38042   0.22361  
      	     	          	           	          	           	             	                                      	 0.07402   0.56321   0.13339  -0.77062  
  #37	4   	-24317.38058	Yes        	4        	0.664    	0.196    	 0.32315   0.19202   0.17925   0.30557	-0.77331   0.15356   0.51582   0.10394  
      	     	          	           	          	           	             	                                      	 0.25842  -1.33622   0.12859   0.94922  
      	     	          	           	          	           	             	                                      	 0.92992   0.13775  -1.30833   0.24066  
      	     	          	           	          	           	             	                                      	 0.10992   0.59649   0.14117  -0.84758  
  #38	4   	-24392.94436	Yes        	4        	0.354    	0.208    	 0.31856   0.19234   0.18693   0.30217	-0.74333   0.13776   0.54545   0.06012  
      	     	          	           	          	           	             	                                      	 0.22816  -1.36690   0.17096   0.96778  
      	     	          	           	          	           	             	                                      	 0.92956   0.17591  -1.34179   0.23631  
      	     	          	           	          	           	             	                                      	 0.06338   0.61603   0.14619  -0.82560  
  #39	4   	-24143.18619	Yes        	4        	0.567    	0.195    	 0.32190   0.18883   0.18202   0.30725	-0.79305   0.14787   0.55126   0.09392  
      	     	          	           	          	           	             	                                      	 0.25207  -1.27731   0.14345   0.88179  
      	     	          	           	          	           	             	                                      	 0.97487   0.14881  -1.40454   0.28085  
      	     	          	           	          	           	             	                                      	 0.09840   0.54194   0.16639  -0.80672  
  #40	4   	-24050.05630	Yes        	4        	1.031    	0.200    	 0.31666   0.19375   0.17933   0.31026	-0.77659   0.15448   0.54342   0.07869  
      	     	          	           	          	           	             	                                      	 0.25247  -1.34621   0.19972   0.89401  
      	     	          	           	          	           	             	                                      	 0.95956   0.21578  -1.41050   0.23515  
      	     	          	           	          	           	             	                                      	 0.08032   0.55830   0.13592  -0.77454  
  #41	4   	-24148.83151	Yes        	4        	0.409    	0.191    	 0.32274   0.19060   0.17956   0.30710	-0.77885   0.11486   0.56493   0.09906  
      	     	          	           	          	           	             	                                      	 0.19449  -1.27419   0.17382   0.90588  
      	     	          	           	          	           	             	                                      	 1.01541   0.18451  -1.43853   0.23861  
      	     	          	           	          	           	             	                                      	 0.10410   0.56223   0.13951  -0.80584  
  #42	4   	-24240.34232	Yes        	4        	0.600    	0.195    	 0.31808   0.19070   0.18130   0.30992	-0.79456   0.14800   0.51261   0.13394  
      	     	          	           	          	           	             	                                      	 0.24686  -1.36525   0.15362   0.96476  
      	     	          	           	          	           	             	                                      	 0.89933   0.16158  -1.24843   0.18751  
      	     	          	           	          	           	             	                                      	 0.13746   0.59363   0.10969  -0.84078  
  #43	4   	-24093.73690	Yes        	4        	0.923    	0.200    	 0.32462   0.19066   0.17976   0.30496	-0.75772   0.14431   0.55127   0.06214  
      	     	          	           	          	           	             	                                      	 0.24570  -1.36462   0.16547   0.95345  
      	     	          	           	          	           	             	                                      	 0.99553   0.17551  -1.39742   0.22639  
      	     	          	           	          	           	             	                                      	 0.06614   0.59609   0.13344  -0.79568  
  #44	4   	-24330.75248	Yes        	4        	0.609    	0.195    	 0.31125   0.19102   0.18722   0.31051	-0.84745   0.13789   0.58592   0.12364  
      	     	          	           	          	           	             	                                      	 0.22468  -1.20305   0.12410   0.85427  
      	     	          	           	          	           	             	                                      	 0.97407   0.12662  -1.36424   0.26355  
      	     	          	           	          	           	             	                                      	 0.12393   0.52554   0.15891  -0.80838  
  #45	4   	-24245.68480	Yes        	4        	1.325    	0.202    	 0.32443   0.18482   0.18027   0.31048	-0.80636   0.19135   0.52295   0.09206  
      	     	          	           	          	           	             	                                      	 0.33588  -1.39888   0.18739   0.87562  
      	     	          	           	          	           	             	                                      	 0.94116   0.19212  -1.36585   0.23257  
      	     	          	           	          	           	             	                                      	 0.09620   0.52125   0.13503  -0.75248  
  #46	4   	-23973.33864	Yes        	4        	2.172    	0.204    	 0.32572   0.19361   0.17440   0.30628	-0.77642   0.14982   0.53523   0.09137  
      	     	          	           	          	           	             	                                      	 0.25205  -1.34952   0.18389   0.91358  
      	     	          	           	          	           	             	                                      	 0.99965   0.20414  -1.40234   0.19855  
      	     	          	           	          	           	             	                                      	 0.09717   0.57751   0.11306  -0.78774  
  #47	4   	-24390.75510	Yes        	4        	0.890    	0.199    	 0.32317   0.18992   0.17826   0.30865	-0.79890   0.15629   0.53255   0.11006  
      	     	          	           	          	           	             	                                      	 0.26595  -1.30846   0.17339   0.86912  
      	     	          	           	          	           	             	                                      	 0.96548   0.18473  -1.39608   0.24586  
      	     	          	           	          	           	             	                                      	 0.11524   0.53478   0.14199  -0.79201  
  #48	4   	-24036.31280	Yes        	4        	0.251    	0.327    	 0.32322   0.19238   0.17733   0.30707	-0.73567   0.15279   0.51506   0.06782  
      	     	          	           	          	           	             	                                      	 0.25670  -1.40672   0.18218   0.96784  
      	     	          	           	          	           	             	                                      	 0.93882   0.19764  -1.36752   0.23106  
      	     	          	           	          	           	             	                                      	 0.07139   0.60636   0.13344  -0.81118  
  #49	4   	-24321.10454	Yes        	4        	0.580    	0.194    	 0.32336   0.19044   0.18114   0.30506	-0.72606   0.14385   0.50823   0.07398  
      	     	          	           	          	           	             	                                      	 0.24425  -1.42354   0.20903   0.97026  
      	     	          	           	          	           	             	                                      	 0.90725   0.21977  -1.35135   0.22433  
      	     	          	           	          	           	             	                                      	 0.07842   0.60571   0.13321  -0.81733  
  #50	4   	-24407.98988	Yes        	4        	0.442    	0.191    	 0.32528   0.19080   0.18545   0.29848	-0.78220   0.16779   0.52273   0.09168  
      	     	          	           	          	           	             	                                      	 0.28605  -1.39285   0.20118   0.90562  
      	     	          	           	          	           	             	                                      	 0.91687   0.20698  -1.30934   0.18548  
      	     	          	           	          	           	             	                                      	 0.09991   0.57890   0.11524  -0.79404  
  #51	4   	-24256.47015	Yes        	4        	0.584    	0.195    	 0.33059   0.19209   0.17787   0.29946	-0.76623   0.13485   0.52092   0.11046  
      	     	          	           	          	           	             	                                      	 0.23208  -1.30112   0.16064   0.90839  
      	     	          	           	          	           	             	                                      	 0.96819   0.17348  -1.37414   0.23247  
      	     	          	           	          	           	             	                                      	 0.12194   0.58268   0.13808  -0.84270  
  #52	4   	-24115.05358	Yes        	4        	0.370    	0.189    	 0.31988   0.19570   0.17508   0.30934	-0.82813   0.16026   0.54668   0.12119  
      	     	          	           	          	           	             	                                      	 0.26195  -1.29880   0.12121   0.91564  
      	     	          	           	          	           	             	                                      	 0.99881   0.13548  -1.31813   0.18384  
      	     	          	           	          	           	             	                                      	 0.12532   0.57927   0.10405  -0.80864  
  #53	4   	-24290.60644	Yes        	4        	0.760    	0.198    	 0.31880   0.19418   0.18198   0.30504	-0.77218   0.16747   0.49546   0.10924  
      	     	          	           	          	           	             	                                      	 0.27496  -1.41311   0.18015   0.95800  
      	     	          	           	          	           	             	                                      	 0.86799   0.19223  -1.24060   0.18038  
      	     	          	           	          	           	             	                                      	 0.11417   0.60982   0.10761  -0.83160  
  #54	4   	-24055.30398	Yes        	4        	0.612    	0.195    	 0.32449   0.19355   0.17804   0.30392	-0.80720   0.12633   0.59480   0.08607  
      	     	          	           	          	           	             	                                      	 0.21179  -1.25569   0.17963   0.86427  
      	     	          	           	          	           	             	                                      	 1.08403   0.19527  -1.48167   0.20237  
      	     	          	           	          	           	             	                                      	 0.09190   0.55039   0.11855  -0.76084  
  #55	4   	-23997.41106	Yes        	4        	0.289    	0.234    	 0.32153   0.19155   0.17449   0.31243	-0.73407   0.15078   0.49227   0.09101  
      	     	          	           	          	           	             	                                      	 0.25311  -1.39493   0.15080   0.99102  
      	     	          	           	          	           	             	                                      	 0.90713   0.16554  -1.33204   0.25937  
      	     	          	           	          	           	             	                                      	 0.09366   0.60759   0.14486  -0.84611  
  #56	4   	-24210.66183	Yes        	4        	0.711    	0.197    	 0.32172   0.19030   0.17688   0.31110	-0.74439   0.14620   0.48555   0.11264  
      	     	          	           	          	           	             	                                      	 0.24715  -1.37510   0.15573   0.97222  
      	     	          	           	          	           	             	                                      	 0.88318   0.16755  -1.31002   0.25930  
      	     	          	           	          	           	             	                                      	 0.11649   0.59471   0.14742  -0.85862  
  #57	4   	-24130.43775	Yes        	4        	0.503    	0.193    	 0.32427   0.19107   0.18015   0.30450	-0.71821   0.10287   0.51085   0.10449  
      	     	          	           	          	           	             	                                      	 0.17459  -1.37994   0.19830   1.00705  
      	     	          	           	          	           	             	                                      	 0.91954   0.21032  -1.33410   0.20423  
      	     	          	           	          	           	             	                                      	 0.11128   0.63192   0.12082  -0.86402  
  #58	4   	-24206.66851	Yes        	4        	1.130    	0.201    	 0.32415   0.19320   0.18570   0.29694	-0.81084   0.12383   0.58525   0.10177  
      	     	          	           	          	           	             	                                      	 0.20775  -1.25755   0.15655   0.89325  
      	     	          	           	          	           	             	                                      	 1.02157   0.16287  -1.36934   0.18491  
      	     	          	           	          	           	             	                                      	 0.11110   0.58119   0.11564  -0.80793  
  #59	4   	-24194.71875	Yes        	4        	0.418    	0.192    	 0.32141   0.18985   0.18006   0.30868	-0.79843   0.16258   0.52413   0.11172  
      	     	          	           	          	           	             	                                      	 0.27524  -1.34887   0.17586   0.89776  
      	     	          	           	          	           	             	                                      	 0.93556   0.18543  -1.34061   0.21963  
      	     	          	           	          	           	             	                                      	 0.11633   0.55217   0.12812  -0.79662  
  #60	4   	-24388.77878	Yes        	4        	0.281    	0.207    	 0.32288   0.19308   0.18105   0.30300	-0.79349   0.14083   0.56973   0.08293  
      	     	          	           	          	           	             	                                      	 0.23550  -1.33344   0.14261   0.95533  
      	     	          	           	          	           	             	                                      	 1.01605   0.15209  -1.34385   0.17571  
      	     	          	           	          	           	             	                                      	 0.08837   0.60876   0.10499  -0.80213  
  #61	4   	-24521.96835	Yes        	4        	1.295    	0.202    	 0.32060   0.18924   0.18573   0.30443	-0.74871   0.15211   0.52740   0.06920  
      	     	          	           	          	           	             	                                      	 0.25768  -1.41155   0.20566   0.94821  
      	     	          	           	          	           	             	                                      	 0.91036   0.20954  -1.34390   0.22399  
      	     	          	           	          	           	             	                                      	 0.07288   0.58945   0.13666  -0.79899  
  #62	4   	-24445.76926	Yes        	4        	1.559    	0.203    	 0.32070   0.19284   0.17795   0.30851	-0.77249   0.13629   0.53714   0.09905  
      	     	          	           	          	           	             	                                      	 0.22666  -1.33994   0.16809   0.94519  
      	     	          	           	          	           	             	                                      	 0.96807   0.18216  -1.36138   0.21116  
      	     	          	           	          	           	             	                                      	 0.10297   0.59081   0.12179  -0.81558  
  #63	4   	-24353.01944	Yes        	4        	0.334    	0.209    	 0.31833   0.19098   0.18480   0.30588	-0.82561   0.13452   0.58706   0.10404  
      	     	          	           	          	           	             	                                      	 0.22423  -1.23203   0.13283   0.87497  
      	     	          	           	          	           	             	                                      	 1.01124   0.13727  -1.39043   0.24192  
      	     	          	           	          	           	             	                                      	 0.10827   0.54630   0.14616  -0.80073  
  #64	4   	-24304.84088	Yes        	4        	0.915    	0.199    	 0.32290   0.19180   0.18093   0.30436	-0.70525   0.13869   0.48846   0.07810  
      	     	          	           	          	           	             	                                      	 0.23348  -1.45306   0.17582   1.04376  
      	     	          	           	          	           	             	                                      	 0.87173   0.18638  -1.27008   0.21197  
      	     	          	           	          	           	             	                                      	 0.08286   0.65777   0.12601  -0.86664  
  #65	4   	-24215.62003	Yes        	4        	1.076    	0.200    	 0.31788   0.19684   0.17713   0.30814	-0.77848   0.12845   0.55130   0.09873  
      	     	          	           	          	           	             	                                      	 0.20744  -1.22897   0.16946   0.85207  
      	     	          	           	          	           	             	                                      	 0.98936   0.18831  -1.46817   0.29050  
      	     	          	           	          	           	             	                                      	 0.10185   0.54429   0.16699  -0.81314  
  #66	4   	-24512.72219	Yes        	4        	0.692    	0.197    	 0.31986   0.19140   0.18259   0.30616	-0.76460   0.10645   0.58171   0.07644  
      	     	          	           	          	           	             	                                      	 0.17790  -1.29235   0.18944   0.92501  
      	     	          	           	          	           	             	                                      	 1.01906   0.19859  -1.44838   0.23074  
      	     	          	           	          	           	             	                                      	 0.07987   0.57829   0.13761  -0.79576  
  #67	4   	-24195.22150	Yes        	4        	0.617    	0.195    	 0.32902   0.18565   0.18231   0.30302	-0.73121   0.13205   0.49387   0.10529  
      	     	          	           	          	           	             	                                      	 0.23402  -1.39960   0.18064   0.98494  
      	     	          	           	          	           	             	                                      	 0.89127   0.18395  -1.31124   0.23601  
      	     	          	           	          	           	             	                                      	 0.11432   0.60345   0.14199  -0.85977  
  #68	4   	-24216.05576	Yes        	4        	0.981    	0.200    	 0.31816   0.19317   0.18093   0.30774	-0.83422   0.13947   0.60848   0.08627  
      	     	          	           	          	           	             	                                      	 0.22972  -1.22539   0.15941   0.83626  
      	     	          	           	          	           	             	                                      	 1.06999   0.17019  -1.47369   0.23351  
      	     	          	           	          	           	             	                                      	 0.08919   0.52492   0.13729  -0.75141  
  #69	4   	-24176.37382	Yes        	4        	0.394    	0.190    	 0.32012   0.19048   0.18319   0.30621	-0.78912   0.15141   0.53202   0.10569  
      	     	          	           	          	           	             	                                      	 0.25445  -1.32383   0.15284   0.91654  
      	     	          	           	          	           	             	                                      	 0.92971   0.15893  -1.32715   0.23851  
      	     	          	           	          	           	             	                                      	 0.11049   0.57013   0.14268  -0.82331  
  #70	4   	-24011.03307	Yes        	4        	618.416    	0.186    	 0.32439   0.19032   0.17544   0.30984	-0.77935   0.15149   0.53108   0.09679  
      	     	          	           	          	           	             	                                      	 0.25820  -1.32179   0.14852   0.91506  
      	     	          	           	          	           	             	                                      	 0.98195   0.16112  -1.39820   0.25513  
      	     	          	           	          	           	             	                                      	 0.10133   0.56209   0.14446  -0.80788  
  #71	4   	-24095.72464	Yes        	4        	0.734    	0.197    	 0.32480   0.18970   0.17869   0.30681	-0.78751   0.14939   0.53246   0.10567  
      	     	          	           	          	           	             	                                      	 0.25578  -1.36800   0.16216   0.95006  
      	     	          	           	          	           	             	                                      	 0.96787   0.17215  -1.32596   0.18594  
      	     	          	           	          	           	             	                                      	 0.11186   0.58742   0.10829  -0.80757  
  #72	4   	-24505.14398	Yes        	4        	0.434    	0.191    	 0.32375   0.19456   0.17770   0.30399	-0.78124   0.12366   0.56380   0.09379  
      	     	          	           	          	           	             	                                      	 0.20577  -1.31029   0.19056   0.91396  
      	     	          	           	          	           	             	                                      	 1.02715   0.20863  -1.41687   0.18109  
      	     	          	           	          	           	             	                                      	 0.09988   0.58495   0.10586  -0.79070  
  #73	4   	-24095.70587	Yes        	4        	0.437    	0.192    	 0.32163   0.19021   0.17540   0.31276	-0.84287   0.16699   0.59191   0.08397  
      	     	          	           	          	           	             	                                      	 0.28236  -1.28207   0.14907   0.85064  
      	     	          	           	          	           	             	                                      	 1.08539   0.16166  -1.46799   0.22094  
      	     	          	           	          	           	             	                                      	 0.08635   0.51733   0.12390  -0.72759  
  #74	4   	-24277.12565	Yes        	4        	0.539    	0.194    	 0.32079   0.19087   0.18294   0.30539	-0.81747   0.14890   0.57296   0.09561  
      	     	          	           	          	           	             	                                      	 0.25025  -1.31081   0.20554   0.85503  
      	     	          	           	          	           	             	                                      	 1.00473   0.21446  -1.41229   0.19311  
      	     	          	           	          	           	             	                                      	 0.10043   0.53440   0.11568  -0.75050  
  #75	4   	-24199.28128	Yes        	4        	0.845    	0.199    	 0.32118   0.19450   0.18034   0.30398	-0.76757   0.14746   0.53221   0.08790  
      	     	          	           	          	           	             	                                      	 0.24350  -1.30804   0.20085   0.86369  
      	     	          	           	          	           	             	                                      	 0.94782   0.21663  -1.42184   0.25740  
      	     	          	           	          	           	             	                                      	 0.09287   0.55264   0.15271  -0.79822  
  #76	4   	-24285.26940	Yes        	4        	0.308    	0.210    	 0.32775   0.19198   0.17534   0.30493	-0.79648   0.13873   0.52808   0.12968  
      	     	          	           	          	           	             	                                      	 0.23683  -1.26299   0.16290   0.86326  
      	     	          	           	          	           	             	                                      	 0.98706   0.17835  -1.40468   0.23926  
      	     	          	           	          	           	             	                                      	 0.13939   0.54349   0.13758  -0.82046  
  #77	4   	-24296.34122	Yes        	4        	0.536    	0.194    	 0.31681   0.18855   0.18602   0.30862	-0.77813   0.16304   0.52823   0.08686  
      	     	          	           	          	           	             	                                      	 0.27394  -1.40130   0.17702   0.95034  
      	     	          	           	          	           	             	                                      	 0.89962   0.17942  -1.29899   0.21995  
      	     	          	           	          	           	             	                                      	 0.08917   0.58062   0.13258  -0.80236  
  #78	4   	-24398.27341	Yes        	4        	0.932    	0.199    	 0.31508   0.19638   0.18101   0.30753	-0.80852   0.16550   0.56001   0.08301  
      	     	          	           	          	           	             	                                      	 0.26555  -1.35795   0.15631   0.93609  
      	     	          	           	          	           	             	                                      	 0.97477   0.16958  -1.31411   0.16976  
      	     	          	           	          	           	             	                                      	 0.08505   0.59776   0.09992  -0.78273  
  #79	4   	-24245.68952	Yes        	4        	3.350    	0.198    	 0.31858   0.19151   0.18229   0.30762	-0.78202   0.13483   0.54127   0.10592  
      	     	          	           	          	           	             	                                      	 0.22430  -1.32251   0.16583   0.93238  
      	     	          	           	          	           	             	                                      	 0.94595   0.17422  -1.34257   0.22240  
      	     	          	           	          	           	             	                                      	 0.10969   0.58048   0.13179  -0.82196  
  #80	4   	-24204.28567	Yes        	4        	0.493    	0.193    	 0.31980   0.19263   0.18118   0.30640	-0.77120   0.15542   0.52520   0.09058  
      	     	          	           	          	           	             	                                      	 0.25802  -1.36395   0.14966   0.95627  
      	     	          	           	          	           	             	                                      	 0.92703   0.15912  -1.30882   0.22267  
      	     	          	           	          	           	             	                                      	 0.09454   0.60119   0.13166  -0.82739  
  #81	4   	-24275.13563	Yes        	4        	0.509    	0.193    	 0.31846   0.19460   0.17871   0.30823	-0.78283   0.16038   0.52368   0.09876  
      	     	          	           	          	           	             	                                      	 0.26247  -1.31621   0.12973   0.92402  
      	     	          	           	          	           	             	                                      	 0.93323   0.14126  -1.32989   0.25540  
      	     	          	           	          	           	             	                                      	 0.10204   0.58336   0.14807  -0.83348  
  #82	4   	-24308.59967	Yes        	4        	0.487    	0.193    	 0.32226   0.18962   0.18577   0.30234	-0.73813   0.13570   0.49257   0.10985  
      	     	          	           	          	           	             	                                      	 0.23062  -1.42277   0.15556   1.03659  
      	     	          	           	          	           	             	                                      	 0.85447   0.15879  -1.20743   0.19417  
      	     	          	           	          	           	             	                                      	 0.11709   0.65012   0.11931  -0.88652  
  #83	4   	-24232.48667	Yes        	4        	0.714    	0.197    	 0.32233   0.19228   0.18077   0.30462	-0.80696   0.13167   0.55274   0.12255  
      	     	          	           	          	           	             	                                      	 0.22072  -1.28542   0.19414   0.87056  
      	     	          	           	          	           	             	                                      	 0.98562   0.20651  -1.38666   0.19452  
      	     	          	           	          	           	             	                                      	 0.12968   0.54953   0.11543  -0.79465  
  #84	4   	-24268.03580	Yes        	4        	0.551    	0.195    	 0.32150   0.19401   0.17915   0.30533	-0.82161   0.15388   0.55420   0.11352  
      	     	          	           	          	           	             	                                      	 0.25500  -1.27435   0.18093   0.83842  
      	     	          	           	          	           	             	                                      	 0.99456   0.19593  -1.40309   0.21259  
      	     	          	           	          	           	             	                                      	 0.11953   0.53274   0.12474  -0.77701  
  #85	4   	-24323.00283	Yes        	4        	0.295    	0.261    	 0.32978   0.18645   0.17864   0.30513	-0.75162   0.12027   0.54149   0.08986  
      	     	          	           	          	           	             	                                      	 0.21274  -1.35879   0.22249   0.92356  
      	     	          	           	          	           	             	                                      	 0.99961   0.23221  -1.44706   0.21523  
      	     	          	           	          	           	             	                                      	 0.09712   0.56434   0.12601  -0.78747  
  #86	4   	-24285.49681	Yes        	4        	0.989    	0.200    	 0.31928   0.19054   0.17769   0.31249	-0.80272   0.14163   0.54636   0.11472  
      	     	          	           	          	           	             	                                      	 0.23733  -1.33894   0.18547   0.91615  
      	     	          	           	          	           	             	                                      	 0.98174   0.19888  -1.37086   0.19024  
      	     	          	           	          	           	             	                                      	 0.11722   0.55863   0.10817  -0.78402  
  #87	4   	-24425.44573	Yes        	4        	0.814    	0.198    	 0.31749   0.19101   0.17799   0.31352	-0.74595   0.16324   0.50266   0.08005  
      	     	          	           	          	           	             	                                      	 0.27134  -1.42862   0.22325   0.93403  
      	     	          	           	          	           	             	                                      	 0.89664   0.23959  -1.37286   0.23663  
      	     	          	           	          	           	             	                                      	 0.08106   0.56906   0.13434  -0.78446  
  #88	4   	-24034.73249	Yes        	4        	0.821    	0.199    	 0.32244   0.18924   0.17873   0.30959	-0.78034   0.13436   0.56061   0.08537  
      	     	          	           	          	           	             	                                      	 0.22893  -1.32304   0.19827   0.89585  
      	     	          	           	          	           	             	                                      	 1.01138   0.20993  -1.45260   0.23129  
      	     	          	           	          	           	             	                                      	 0.08892   0.54758   0.13353  -0.77003  
  #89	4   	-24275.00169	Yes        	4        	0.369    	0.209    	 0.32049   0.19445   0.18107   0.30399	-0.75493   0.13393   0.56373   0.05727  
      	     	          	           	          	           	             	                                      	 0.22075  -1.34619   0.21073   0.91471  
      	     	          	           	          	           	             	                                      	 0.99780   0.22629  -1.44064   0.21655  
      	     	          	           	          	           	             	                                      	 0.06038   0.58510   0.12899  -0.77447  
  #90	4   	-24234.11362	Yes        	4        	0.435    	0.191    	 0.32418   0.19636   0.17890   0.30056	-0.79513   0.14536   0.57059   0.07919  
      	     	          	           	          	           	             	                                      	 0.23998  -1.30869   0.19622   0.87249  
      	     	          	           	          	           	             	                                      	 1.03393   0.21536  -1.43033   0.18104  
      	     	          	           	          	           	             	                                      	 0.08541   0.56999   0.10776  -0.76316  
  #91	4   	-24136.23867	Yes        	4        	0.713    	0.197    	 0.32943   0.18993   0.18089   0.29975	-0.75889   0.16297   0.51615   0.07977  
      	     	          	           	          	           	             	                                      	 0.28266  -1.36277   0.18178   0.89833  
      	     	          	           	          	           	             	                                      	 0.94002   0.19087  -1.37883   0.24794  
      	     	          	           	          	           	             	                                      	 0.08767   0.56922   0.14962  -0.80651  
  #92	4   	-24196.78529	Yes        	4        	0.538    	0.194    	 0.32196   0.19188   0.17775   0.30840	-0.81214   0.13315   0.58051   0.09848  
      	     	          	           	          	           	             	                                      	 0.22342  -1.32263   0.16649   0.93272  
      	     	          	           	          	           	             	                                      	 1.05150   0.17973  -1.38649   0.15526  
      	     	          	           	          	           	             	                                      	 0.10281   0.58033   0.08948  -0.77262  
  #93	4   	-24301.40179	Yes        	4        	0.582    	0.194    	 0.32658   0.19507   0.17470   0.30365	-0.77481   0.14300   0.54115   0.09066  
      	     	          	           	          	           	             	                                      	 0.23940  -1.31437   0.16832   0.90665  
      	     	          	           	          	           	             	                                      	 1.01160   0.18795  -1.41286   0.21331  
      	     	          	           	          	           	             	                                      	 0.09751   0.58246   0.12272  -0.80270  
  #94	4   	-24002.09864	Yes        	4        	0.509    	0.194    	 0.31922   0.19276   0.18000   0.30802	-0.80888   0.13009   0.54209   0.13670  
      	     	          	           	          	           	             	                                      	 0.21542  -1.27444   0.18521   0.87381  
      	     	          	           	          	           	             	                                      	 0.96137   0.19834  -1.36891   0.20920  
      	     	          	           	          	           	             	                                      	 0.14167   0.54683   0.12225  -0.81075  
  #95	4   	-24268.17562	Yes        	4        	0.432    	0.191    	 0.32001   0.19270   0.17689   0.31040	-0.76839   0.14069   0.52584   0.10186  
      	     	          	           	          	           	             	                                      	 0.23364  -1.35570   0.12391   0.99815  
      	     	          	           	          	           	             	                                      	 0.95131   0.13499  -1.30048   0.21419  
      	     	          	           	          	           	             	                                      	 0.10501   0.61966   0.12206  -0.84673  
  #96	4   	-24217.50064	Yes        	4        	0.741    	0.198    	 0.32032   0.19188   0.18126   0.30654	-0.75406   0.13961   0.53824   0.07622  
      	     	          	           	          	           	             	                                      	 0.23307  -1.31984   0.17037   0.91641  
      	     	          	           	          	           	             	                                      	 0.95117   0.18035  -1.40696   0.27545  
      	     	          	           	          	           	             	                                      	 0.07965   0.57362   0.16288  -0.81615  
  #97	4   	-24301.79767	Yes        	4        	0.878    	0.199    	 0.32509   0.19585   0.17872   0.30034	-0.78290   0.13881   0.53079   0.11331  
      	     	          	           	          	           	             	                                      	 0.23041  -1.26034   0.13311   0.89682  
      	     	          	           	          	           	             	                                      	 0.96550   0.14587  -1.35630   0.24493  
      	     	          	           	          	           	             	                                      	 0.12265   0.58481   0.14575  -0.85320  
  #98	4   	-24046.02021	Yes        	4        	0.736    	0.198    	 0.32618   0.18910   0.18019   0.30453	-0.72218   0.13948   0.52672   0.05597  
      	     	          	           	          	           	             	                                      	 0.24060  -1.39254   0.14552   1.00642  
      	     	          	           	          	           	             	                                      	 0.95348   0.15271  -1.36485   0.25866  
      	     	          	           	          	           	             	                                      	 0.05995   0.62495   0.15305  -0.83795  
  #99	4   	-24248.90997	Yes        	4        	0.579    	0.195    	 0.31922   0.19173   0.18230   0.30674	-0.77004   0.11572   0.56828   0.08604  
      	     	          	           	          	           	             	                                      	 0.19267  -1.30284   0.16289   0.94727  
      	     	          	           	          	           	             	                                      	 0.99508   0.17131  -1.39314   0.22675  
      	     	          	           	          	           	             	                                      	 0.08954   0.59209   0.13476  -0.81638  
  #100	4   	-24220.46688	Yes        	4        	0.378    	0.210    	 0.32639   0.18621   0.17513   0.31227	-0.76302   0.15957   0.52981   0.07365  
      	     	          	           	          	           	             	                                      	 0.27969  -1.37064   0.20109   0.88985  
      	     	          	           	          	           	             	                                      	 0.98739   0.21381  -1.47422   0.27302  
      	     	          	           	          	           	             	                                      	 0.07698   0.53063   0.15312  -0.76072  
