. Sequence file : [Hominid_AHSG.phy]

. Model of nucleotides substitution : GTR

. Initial tree : [BioNJ]


. Data	Nb of 	Likelihood	Discrete   	Number of 	Gamma shape	Proportion of	Nucleotides frequencies               	Instantaneous rate matrix              	
  set	taxa	loglk     	gamma model	categories	parameter  	invariant    	f(A)      f(C)      f(G)      f(T)    	[A---------C---------G---------T------]	

  #1	4   	-13635.47916	Yes        	4        	1.063    	0.201    	 0.28349   0.23078   0.24331   0.24242	-0.91739   0.10501   0.73476   0.07761  
      	     	          	           	          	           	             	                                      	 0.12900  -0.98280   0.12352   0.73029  
      	     	          	           	          	           	             	                                      	 0.85611   0.11716  -1.14953   0.17626  
      	     	          	           	          	           	             	                                      	 0.09076   0.69524   0.17691  -0.96291  
  #2	4   	-13968.69613	Yes        	4        	1.426    	0.203    	 0.27650   0.23838   0.23808   0.24704	-0.89481   0.16311   0.66072   0.07098  
      	     	          	           	          	           	             	                                      	 0.18919  -1.05347   0.18311   0.68117  
      	     	          	           	          	           	             	                                      	 0.76732   0.18333  -1.14624   0.19559  
      	     	          	           	          	           	             	                                      	 0.07944   0.65727   0.18849  -0.92520  
  #3	4   	-13597.00355	Yes        	4        	382.584    	0.220    	 0.27725   0.22201   0.25334   0.24741	-0.95708   0.14734   0.75001   0.05973  
      	     	          	           	          	           	             	                                      	 0.18400  -1.03627   0.22170   0.63056  
      	     	          	           	          	           	             	                                      	 0.82078   0.19428  -1.19445   0.17939  
      	     	          	           	          	           	             	                                      	 0.06693   0.56582   0.18369  -0.81644  
  #4	4   	-13598.22797	Yes        	4        	0.770    	0.198    	 0.27813   0.22736   0.24842   0.24609	-0.90528   0.17575   0.65947   0.07007  
      	     	          	           	          	           	             	                                      	 0.21499  -1.06495   0.12724   0.72273  
      	     	          	           	          	           	             	                                      	 0.73832   0.11645  -1.07603   0.22125  
      	     	          	           	          	           	             	                                      	 0.07919   0.66774   0.22336  -0.97029  
  #5	4   	-13644.35391	Yes        	4        	382.584    	0.221    	 0.27248   0.24104   0.24490   0.24158	-0.91393   0.16204   0.70760   0.04430  
      	     	          	           	          	           	             	                                      	 0.18318  -1.06890   0.18758   0.69814  
      	     	          	           	          	           	             	                                      	 0.78731   0.18463  -1.12495   0.15302  
      	     	          	           	          	           	             	                                      	 0.04997   0.69657   0.15512  -0.90166  
  #6	4   	-13750.83235	Yes        	4        	618.416    	0.200    	 0.28191   0.22888   0.24572   0.24349	-0.91889   0.16460   0.68973   0.06456  
      	     	          	           	          	           	             	                                      	 0.20274  -0.98801   0.14155   0.64372  
      	     	          	           	          	           	             	                                      	 0.79130   0.13185  -1.17231   0.24917  
      	     	          	           	          	           	             	                                      	 0.07474   0.60508   0.25146  -0.93128  
  #7	4   	-13596.95989	Yes        	4        	618.416    	0.198    	 0.26706   0.24300   0.24878   0.24115	-0.89915   0.14405   0.70390   0.05120  
      	     	          	           	          	           	             	                                      	 0.15831  -0.98668   0.16143   0.66694  
      	     	          	           	          	           	             	                                      	 0.75565   0.15768  -1.14877   0.23543  
      	     	          	           	          	           	             	                                      	 0.05670   0.67206   0.24287  -0.97163  
  #8	4   	-13806.09701	Yes        	4        	1.046    	0.200    	 0.26980   0.24301   0.23483   0.25236	-0.87055   0.12560   0.67224   0.07272  
      	     	          	           	          	           	             	                                      	 0.13944  -1.02051   0.12556   0.75551  
      	     	          	           	          	           	             	                                      	 0.77232   0.12993  -1.11951   0.21726  
      	     	          	           	          	           	             	                                      	 0.07774   0.72751   0.20217  -1.00743  
  #9	4   	-13561.76245	Yes        	4        	618.416    	0.199    	 0.28258   0.22235   0.24472   0.25035	-0.88304   0.13241   0.70107   0.04956  
      	     	          	           	          	           	             	                                      	 0.16828  -1.00962   0.12016   0.72118  
      	     	          	           	          	           	             	                                      	 0.80953   0.10918  -1.17778   0.25908  
      	     	          	           	          	           	             	                                      	 0.05594   0.64049   0.25325  -0.94969  
  #10	4   	-13623.28801	Yes        	4        	618.416    	0.199    	 0.27988   0.23221   0.24416   0.24375	-0.85867   0.15921   0.63632   0.06315  
      	     	          	           	          	           	             	                                      	 0.19188  -1.07547   0.16005   0.72354  
      	     	          	           	          	           	             	                                      	 0.72941   0.15222  -1.10482   0.22320  
      	     	          	           	          	           	             	                                      	 0.07251   0.68930   0.22357  -0.98538  
  #11	4   	-13466.74709	Yes        	4        	0.959    	0.200    	 0.27645   0.22858   0.24234   0.25263	-0.90136   0.15792   0.70924   0.03420  
      	     	          	           	          	           	             	                                      	 0.19099  -1.10931   0.14190   0.77643  
      	     	          	           	          	           	             	                                      	 0.80906   0.13384  -1.11171   0.16880  
      	     	          	           	          	           	             	                                      	 0.03742   0.70253   0.16193  -0.90188  
  #12	4   	-13674.25160	Yes        	4        	881.773    	0.175    	 0.28345   0.23445   0.24725   0.23486	-0.77341   0.10484   0.63284   0.03573  
      	     	          	           	          	           	             	                                      	 0.12676  -1.05623   0.20098   0.72850  
      	     	          	           	          	           	             	                                      	 0.72549   0.19057  -1.17033   0.25427  
      	     	          	           	          	           	             	                                      	 0.04312   0.72722   0.26769  -1.03802  
  #13	4   	-13819.88075	Yes        	4        	618.416    	0.181    	 0.27791   0.23988   0.23549   0.24671	-0.95304   0.10712   0.76999   0.07593  
      	     	          	           	          	           	             	                                      	 0.12411  -0.88487   0.14313   0.61763  
      	     	          	           	          	           	             	                                      	 0.90869   0.14579  -1.27804   0.22355  
      	     	          	           	          	           	             	                                      	 0.08553   0.60052   0.21339  -0.89944  
  #14	4   	-13723.43667	Yes        	4        	1.288    	0.202    	 0.27947   0.23800   0.23237   0.25016	-0.90323   0.19178   0.65187   0.05959  
      	     	          	           	          	           	             	                                      	 0.22519  -1.02684   0.12528   0.67637  
      	     	          	           	          	           	             	                                      	 0.78402   0.12832  -1.15668   0.24434  
      	     	          	           	          	           	             	                                      	 0.06657   0.64350   0.22696  -0.93703  
  #15	4   	-13730.74521	Yes        	4        	382.584    	0.202    	 0.28146   0.23759   0.24478   0.23617	-0.89498   0.11173   0.72475   0.05850  
      	     	          	           	          	           	             	                                      	 0.13236  -0.93660   0.15874   0.64551  
      	     	          	           	          	           	             	                                      	 0.83336   0.15408  -1.22038   0.23294  
      	     	          	           	          	           	             	                                      	 0.06972   0.64938   0.24143  -0.96053  
  #16	4   	-13546.10753	Yes        	4        	618.416    	0.198    	 0.27691   0.23545   0.23984   0.24781	-0.88812   0.13756   0.66182   0.08874  
      	     	          	           	          	           	             	                                      	 0.16178  -1.01915   0.16710   0.69027  
      	     	          	           	          	           	             	                                      	 0.76411   0.16404  -1.14582   0.21767  
      	     	          	           	          	           	             	                                      	 0.09916   0.65585   0.21067  -0.96568  
  #17	4   	-13795.47914	Yes        	4        	382.206    	0.202    	 0.27577   0.24316   0.23181   0.24926	-0.86851   0.17660   0.64195   0.04997  
      	     	          	           	          	           	             	                                      	 0.20028  -1.01188   0.17110   0.64050  
      	     	          	           	          	           	             	                                      	 0.76369   0.17948  -1.21556   0.27239  
      	     	          	           	          	           	             	                                      	 0.05528   0.62482   0.25332  -0.93342  
  #18	4   	-13659.20874	Yes        	4        	3.374    	0.197    	 0.28098   0.23229   0.24378   0.24296	-0.91771   0.14586   0.70636   0.06549  
      	     	          	           	          	           	             	                                      	 0.17643  -0.96192   0.14438   0.64111  
      	     	          	           	          	           	             	                                      	 0.81416   0.13758  -1.19657   0.24484  
      	     	          	           	          	           	             	                                      	 0.07574   0.61295   0.24566  -0.93434  
  #19	4   	-13592.14154	Yes        	4        	382.584    	0.221    	 0.27980   0.23902   0.23808   0.24310	-0.89978   0.16952   0.66534   0.06492  
      	     	          	           	          	           	             	                                      	 0.19844  -0.97686   0.13010   0.64833  
      	     	          	           	          	           	             	                                      	 0.78194   0.13061  -1.17374   0.26118  
      	     	          	           	          	           	             	                                      	 0.07472   0.63745   0.25578  -0.96795  
  #20	4   	-13550.46003	Yes        	4        	618.416    	0.185    	 0.28113   0.22390   0.24708   0.24789	-0.84582   0.12810   0.68416   0.03356  
      	     	          	           	          	           	             	                                      	 0.16085  -1.06113   0.11223   0.78805  
      	     	          	           	          	           	             	                                      	 0.77845   0.10170  -1.12558   0.24542  
      	     	          	           	          	           	             	                                      	 0.03806   0.71179   0.24462  -0.99447  
  #21	4   	-13648.43518	Yes        	4        	618.416    	0.199    	 0.27075   0.22869   0.24894   0.25162	-0.96751   0.20231   0.70460   0.06060  
      	     	          	           	          	           	             	                                      	 0.23952  -1.08274   0.16412   0.67910  
      	     	          	           	          	           	             	                                      	 0.76633   0.15077  -1.09870   0.18160  
      	     	          	           	          	           	             	                                      	 0.06521   0.61723   0.17967  -0.86211  
  #22	4   	-13978.58350	Yes        	4        	1.663    	0.204    	 0.27639   0.23419   0.24272   0.24670	-0.79068   0.19578   0.55879   0.03611  
      	     	          	           	          	           	             	                                      	 0.23106  -1.20594   0.18391   0.79097  
      	     	          	           	          	           	             	                                      	 0.63632   0.17745  -1.03277   0.21899  
      	     	          	           	          	           	             	                                      	 0.04045   0.75087   0.21546  -1.00678  
  #23	4   	-13566.97402	Yes        	4        	882.060    	0.164    	 0.28007   0.23120   0.24813   0.24060	-0.89230   0.14839   0.67912   0.06479  
      	     	          	           	          	           	             	                                      	 0.17975  -1.01049   0.15860   0.67214  
      	     	          	           	          	           	             	                                      	 0.76656   0.14778  -1.14818   0.23384  
      	     	          	           	          	           	             	                                      	 0.07543   0.64590   0.24115  -0.96248  
  #24	4   	-13655.87632	Yes        	4        	882.188    	0.144    	 0.27825   0.23859   0.23760   0.24556	-0.96524   0.12301   0.77407   0.06816  
      	     	          	           	          	           	             	                                      	 0.14346  -0.90005   0.08901   0.66759  
      	     	          	           	          	           	             	                                      	 0.90650   0.08938  -1.21012   0.21424  
      	     	          	           	          	           	             	                                      	 0.07724   0.64865   0.20730  -0.93319  
  #25	4   	-13662.25238	Yes        	4        	881.904    	0.168    	 0.27913   0.23360   0.24596   0.24131	-0.96760   0.15628   0.73977   0.07155  
      	     	          	           	          	           	             	                                      	 0.18674  -0.97160   0.10144   0.68342  
      	     	          	           	          	           	             	                                      	 0.83951   0.09634  -1.12521   0.18936  
      	     	          	           	          	           	             	                                      	 0.08276   0.66157   0.19301  -0.93734  
  #26	4   	-13751.12622	Yes        	4        	1.147    	0.201    	 0.27050   0.23149   0.24409   0.25392	-0.93690   0.13233   0.75067   0.05390  
      	     	          	           	          	           	             	                                      	 0.15463  -0.97821   0.16841   0.65517  
      	     	          	           	          	           	             	                                      	 0.83191   0.15972  -1.22071   0.22908  
      	     	          	           	          	           	             	                                      	 0.05742   0.59730   0.22020  -0.87492  
  #27	4   	-13603.34494	Yes        	4        	1.078    	0.201    	 0.28089   0.22761   0.24801   0.24349	-0.86381   0.13313   0.68972   0.04096  
      	     	          	           	          	           	             	                                      	 0.16430  -1.04756   0.14187   0.74139  
      	     	          	           	          	           	             	                                      	 0.78119   0.13020  -1.13850   0.22711  
      	     	          	           	          	           	             	                                      	 0.04725   0.69303   0.23132  -0.97159  
  #28	4   	-13492.53099	Yes        	4        	382.584    	0.200    	 0.28210   0.22987   0.23761   0.25043	-0.81599   0.16197   0.62545   0.02857  
      	     	          	           	          	           	             	                                      	 0.19878  -1.13266   0.15134   0.78254  
      	     	          	           	          	           	             	                                      	 0.74255   0.14641  -1.12104   0.23208  
      	     	          	           	          	           	             	                                      	 0.03218   0.71829   0.22020  -0.97067  
  #29	4   	-13727.24216	Yes        	4        	618.416    	0.184    	 0.27382   0.23116   0.25000   0.24501	-0.86944   0.10023   0.67850   0.09071  
      	     	          	           	          	           	             	                                      	 0.11873  -0.97090   0.13407   0.71810  
      	     	          	           	          	           	             	                                      	 0.74316   0.12397  -1.12687   0.25975  
      	     	          	           	          	           	             	                                      	 0.10137   0.67751   0.26503  -1.04392  
  #30	4   	-13897.16921	Yes        	4        	881.864    	0.165    	 0.28319   0.23262   0.23574   0.24845	-0.83474   0.14141   0.63901   0.05432  
      	     	          	           	          	           	             	                                      	 0.17216  -1.05239   0.18608   0.69416  
      	     	          	           	          	           	             	                                      	 0.76764   0.18362  -1.20088   0.24962  
      	     	          	           	          	           	             	                                      	 0.06192   0.64994   0.23685  -0.94871  
  #31	4   	-13674.96995	Yes        	4        	618.416    	0.198    	 0.27092   0.23254   0.24840   0.24814	-0.99615   0.19763   0.74431   0.05422  
      	     	          	           	          	           	             	                                      	 0.23025  -1.01325   0.17372   0.60929  
      	     	          	           	          	           	             	                                      	 0.81180   0.16262  -1.16783   0.19341  
      	     	          	           	          	           	             	                                      	 0.05919   0.57098   0.19361  -0.82378  
  #32	4   	-13576.97594	Yes        	4        	618.416    	0.197    	 0.28197   0.23094   0.24954   0.23756	-0.80889   0.11696   0.60100   0.09093  
      	     	          	           	          	           	             	                                      	 0.14280  -1.10134   0.19140   0.76714  
      	     	          	           	          	           	             	                                      	 0.67912   0.17714  -1.05885   0.20259  
      	     	          	           	          	           	             	                                      	 0.10793   0.74576   0.21281  -1.06650  
  #33	4   	-13656.92774	Yes        	4        	1.350    	0.203    	 0.27719   0.22854   0.24905   0.24522	-0.78744   0.11225   0.63412   0.04106  
      	     	          	           	          	           	             	                                      	 0.13615  -1.14869   0.24792   0.76463  
      	     	          	           	          	           	             	                                      	 0.70576   0.22751  -1.13534   0.20207  
      	     	          	           	          	           	             	                                      	 0.04641   0.71261   0.20522  -0.96424  
  #34	4   	-13842.54840	Yes        	4        	882.253    	0.138    	 0.27465   0.23484   0.24346   0.24704	-0.92990   0.16098   0.70133   0.06759  
      	     	          	           	          	           	             	                                      	 0.18827  -1.00404   0.12633   0.68944  
      	     	          	           	          	           	             	                                      	 0.79118   0.12185  -1.13082   0.21780  
      	     	          	           	          	           	             	                                      	 0.07514   0.65539   0.21464  -0.94517  
  #35	4   	-13517.26410	Yes        	4        	618.416    	0.200    	 0.27888   0.23382   0.24624   0.24105	-0.91295   0.13119   0.70323   0.07854  
      	     	          	           	          	           	             	                                      	 0.15647  -1.02288   0.13570   0.73071  
      	     	          	           	          	           	             	                                      	 0.79643   0.12885  -1.09913   0.17385  
      	     	          	           	          	           	             	                                      	 0.09086   0.70879   0.17760  -0.97725  
  #36	4   	-13725.61041	Yes        	4        	382.584    	0.204    	 0.28356   0.22573   0.25053   0.24018	-0.85096   0.12491   0.67696   0.04909  
      	     	          	           	          	           	             	                                      	 0.15692  -1.01293   0.16101   0.69501  
      	     	          	           	          	           	             	                                      	 0.76623   0.14507  -1.17263   0.26133  
      	     	          	           	          	           	             	                                      	 0.05796   0.65319   0.27259  -0.98374  
  #37	4   	-13668.05762	Yes        	4        	382.584    	0.200    	 0.27521   0.23496   0.24260   0.24723	-0.86528   0.14107   0.66540   0.05880  
      	     	          	           	          	           	             	                                      	 0.16524  -1.06057   0.19256   0.70277  
      	     	          	           	          	           	             	                                      	 0.75486   0.18650  -1.15364   0.21228  
      	     	          	           	          	           	             	                                      	 0.06545   0.66789   0.20830  -0.94165  
  #38	4   	-13776.17372	Yes        	4        	382.584    	0.224    	 0.28089   0.23115   0.24912   0.23883	-0.85901   0.15007   0.67025   0.03869  
      	     	          	           	          	           	             	                                      	 0.18236  -1.07958   0.15253   0.74470  
      	     	          	           	          	           	             	                                      	 0.75573   0.14152  -1.10323   0.20598  
      	     	          	           	          	           	             	                                      	 0.04550   0.72076   0.21486  -0.98112  
  #39	4   	-13569.54974	Yes        	4        	3.127    	0.196    	 0.28109   0.23951   0.24249   0.23691	-0.89408   0.18383   0.68244   0.02781  
      	     	          	           	          	           	             	                                      	 0.21575  -1.01505   0.10984   0.68946  
      	     	          	           	          	           	             	                                      	 0.79107   0.10849  -1.13561   0.23605  
      	     	          	           	          	           	             	                                      	 0.03300   0.69705   0.24161  -0.97166  
  #40	4   	-13813.41682	Yes        	4        	618.416    	0.200    	 0.28310   0.24065   0.23824   0.23801	-0.84301   0.16755   0.61404   0.06142  
      	     	          	           	          	           	             	                                      	 0.19711  -1.04669   0.20075   0.64883  
      	     	          	           	          	           	             	                                      	 0.72968   0.20279  -1.17124   0.23878  
      	     	          	           	          	           	             	                                      	 0.07306   0.65604   0.23901  -0.96811  
  #41	4   	-13937.75291	Yes        	4        	882.194    	0.140    	 0.27062   0.23229   0.24703   0.25007	-0.93086   0.15934   0.68191   0.08961  
      	     	          	           	          	           	             	                                      	 0.18563  -0.96166   0.13985   0.63618  
      	     	          	           	          	           	             	                                      	 0.74703   0.13151  -1.15313   0.27459  
      	     	          	           	          	           	             	                                      	 0.09697   0.59094   0.27125  -0.95917  
  #42	4   	-13497.41644	Yes        	4        	0.439    	0.191    	 0.28478   0.23134   0.24252   0.24135	-0.81166   0.15863   0.59676   0.05627  
      	     	          	           	          	           	             	                                      	 0.19527  -1.11794   0.11360   0.80906  
      	     	          	           	          	           	             	                                      	 0.70075   0.10837  -1.03756   0.22844  
      	     	          	           	          	           	             	                                      	 0.06639   0.77551   0.22954  -1.07145  
  #43	4   	-13638.59066	Yes        	4        	881.753    	0.173    	 0.28191   0.23077   0.24755   0.23978	-0.81486   0.12193   0.66002   0.03291  
      	     	          	           	          	           	             	                                      	 0.14895  -1.11639   0.18323   0.78420  
      	     	          	           	          	           	             	                                      	 0.75163   0.17081  -1.11243   0.19000  
      	     	          	           	          	           	             	                                      	 0.03869   0.75474   0.19616  -0.98959  
  #44	4   	-13766.62181	Yes        	4        	1.981    	0.205    	 0.27957   0.22445   0.25107   0.24491	-0.81590   0.13289   0.64465   0.03836  
      	     	          	           	          	           	             	                                      	 0.16552  -1.13481   0.20371   0.76558  
      	     	          	           	          	           	             	                                      	 0.71782   0.18211  -1.11638   0.21645  
      	     	          	           	          	           	             	                                      	 0.04379   0.70161   0.22190  -0.96730  
  #45	4   	-13669.15655	Yes        	4        	881.796    	0.174    	 0.28303   0.23160   0.24294   0.24243	-0.92729   0.16082   0.64972   0.11675  
      	     	          	           	          	           	             	                                      	 0.19654  -1.01815   0.13020   0.69142  
      	     	          	           	          	           	             	                                      	 0.75694   0.12411  -1.07560   0.19454  
      	     	          	           	          	           	             	                                      	 0.13630   0.66053   0.19496  -0.99179  
  #46	4   	-13763.65064	Yes        	4        	3.286    	0.196    	 0.27575   0.22933   0.24836   0.24656	-0.83127   0.14719   0.62468   0.05940  
      	     	          	           	          	           	             	                                      	 0.17698  -1.15219   0.21556   0.75966  
      	     	          	           	          	           	             	                                      	 0.69357   0.19904  -1.08239   0.18978  
      	     	          	           	          	           	             	                                      	 0.06643   0.70656   0.19116  -0.96416  
  #47	4   	-13567.22192	Yes        	4        	2.214    	0.205    	 0.27894   0.23209   0.24552   0.24345	-0.84748   0.21392   0.59065   0.04290  
      	     	          	           	          	           	             	                                      	 0.25711  -1.09424   0.14623   0.69089  
      	     	          	           	          	           	             	                                      	 0.67107   0.13823  -1.09162   0.28232  
      	     	          	           	          	           	             	                                      	 0.04916   0.65865   0.28471  -0.99252  
  #48	4   	-13617.40199	Yes        	4        	618.416    	0.178    	 0.27904   0.23857   0.24399   0.23840	-0.89972   0.10521   0.72983   0.06469  
      	     	          	           	          	           	             	                                      	 0.12306  -0.97244   0.13927   0.71011  
      	     	          	           	          	           	             	                                      	 0.83468   0.13618  -1.16063   0.18977  
      	     	          	           	          	           	             	                                      	 0.07572   0.71062   0.19422  -0.98055  
  #49	4   	-13540.69667	Yes        	4        	1.570    	0.203    	 0.28713   0.22633   0.24024   0.24629	-0.74875   0.11509   0.59111   0.04255  
      	     	          	           	          	           	             	                                      	 0.14601  -1.16941   0.18357   0.83983  
      	     	          	           	          	           	             	                                      	 0.70650   0.17295  -1.10164   0.22218  
      	     	          	           	          	           	             	                                      	 0.04961   0.77176   0.21672  -1.03809  
  #50	4   	-13607.61186	Yes        	4        	382.584    	0.200    	 0.28170   0.23659   0.24532   0.23640	-0.83110   0.14277   0.62339   0.06494  
      	     	          	           	          	           	             	                                      	 0.17000  -1.04924   0.24821   0.63103  
      	     	          	           	          	           	             	                                      	 0.71585   0.23937  -1.19109   0.23586  
      	     	          	           	          	           	             	                                      	 0.07739   0.63154   0.24476  -0.95370  
  #51	4   	-13684.51542	Yes        	4        	618.416    	0.176    	 0.27968   0.23131   0.25139   0.23762	-0.91697   0.12621   0.71303   0.07774  
      	     	          	           	          	           	             	                                      	 0.15260  -0.93962   0.16287   0.62415  
      	     	          	           	          	           	             	                                      	 0.79327   0.14986  -1.18777   0.24463  
      	     	          	           	          	           	             	                                      	 0.09149   0.60756   0.25880  -0.95786  
  #52	4   	-13580.50746	Yes        	4        	382.584    	0.225    	 0.27396   0.23799   0.23974   0.24831	-0.92517   0.22905   0.63907   0.05705  
      	     	          	           	          	           	             	                                      	 0.26367  -1.09557   0.14574   0.68616  
      	     	          	           	          	           	             	                                      	 0.73027   0.14468  -1.07751   0.20255  
      	     	          	           	          	           	             	                                      	 0.06294   0.65763   0.19556  -0.91613  
  #53	4   	-13822.74734	Yes        	4        	882.196    	0.147    	 0.27753   0.23417   0.24648   0.24183	-0.86902   0.16151   0.64924   0.05827  
      	     	          	           	          	           	             	                                      	 0.19141  -1.04797   0.16190   0.69467  
      	     	          	           	          	           	             	                                      	 0.73103   0.15381  -1.12114   0.23630  
      	     	          	           	          	           	             	                                      	 0.06687   0.67268   0.24084  -0.98039  
  #54	4   	-13673.14509	Yes        	4        	618.416    	0.196    	 0.28561   0.23474   0.24125   0.23840	-0.91377   0.13833   0.72902   0.04642  
      	     	          	           	          	           	             	                                      	 0.16831  -0.87548   0.10790   0.59927  
      	     	          	           	          	           	             	                                      	 0.86304   0.10499  -1.27070   0.30267  
      	     	          	           	          	           	             	                                      	 0.05562   0.59006   0.30630  -0.95197  
  #55	4   	-13706.58238	Yes        	4        	2.375    	0.195    	 0.27949   0.23863   0.24508   0.23680	-0.91153   0.16859   0.69781   0.04513  
      	     	          	           	          	           	             	                                      	 0.19746  -0.98536   0.12043   0.66747  
      	     	          	           	          	           	             	                                      	 0.79576   0.11726  -1.14650   0.23349  
      	     	          	           	          	           	             	                                      	 0.05327   0.67262   0.24165  -0.96754  
  #56	4   	-13749.59602	Yes        	4        	2.517    	0.206    	 0.28222   0.22638   0.24909   0.24231	-0.94354   0.17521   0.66296   0.10537  
      	     	          	           	          	           	             	                                      	 0.21842  -0.99695   0.13350   0.64503  
      	     	          	           	          	           	             	                                      	 0.75112   0.12133  -1.10319   0.23074  
      	     	          	           	          	           	             	                                      	 0.12272   0.60261   0.23719  -0.96253  
  #57	4   	-13662.60233	Yes        	4        	618.416    	0.195    	 0.26751   0.23579   0.24730   0.24940	-1.01414   0.20739   0.73487   0.07187  
      	     	          	           	          	           	             	                                      	 0.23529  -1.01667   0.13853   0.64285  
      	     	          	           	          	           	             	                                      	 0.79492   0.13209  -1.10681   0.17981  
      	     	          	           	          	           	             	                                      	 0.07709   0.60778   0.17829  -0.86316  
  #58	4   	-13648.14031	Yes        	4        	2.320    	0.205    	 0.28013   0.23808   0.23903   0.24276	-0.82545   0.15949   0.59141   0.07455  
      	     	          	           	          	           	             	                                      	 0.18765  -1.10986   0.16780   0.75440  
      	     	          	           	          	           	             	                                      	 0.69308   0.16713  -1.06609   0.20587  
      	     	          	           	          	           	             	                                      	 0.08603   0.73985   0.20271  -1.02860  
  #59	4   	-13823.35773	Yes        	4        	1.255    	0.202    	 0.27849   0.23792   0.24044   0.24314	-0.83314   0.10744   0.67410   0.05159  
      	     	          	           	          	           	             	                                      	 0.12576  -0.99603   0.16278   0.70749  
      	     	          	           	          	           	             	                                      	 0.78080   0.16108  -1.19524   0.25336  
      	     	          	           	          	           	             	                                      	 0.05909   0.69230   0.25054  -1.00194  
  #60	4   	-13699.85240	Yes        	4        	382.584    	0.201    	 0.27498   0.22916   0.25022   0.24563	-0.86276   0.14821   0.68088   0.03367  
      	     	          	           	          	           	             	                                      	 0.17785  -1.09035   0.21848   0.69402  
      	     	          	           	          	           	             	                                      	 0.74825   0.20009  -1.16274   0.21439  
      	     	          	           	          	           	             	                                      	 0.03769   0.64748   0.21840  -0.90357  
  #61	4   	-13585.19270	Yes        	4        	618.416    	0.183    	 0.27720   0.23518   0.24770   0.23992	-0.89209   0.18406   0.63082   0.07720  
      	     	          	           	          	           	             	                                      	 0.21695  -1.06646   0.18433   0.66518  
      	     	          	           	          	           	             	                                      	 0.70596   0.17502  -1.09463   0.21365  
      	     	          	           	          	           	             	                                      	 0.08920   0.65206   0.22058  -0.96184  
  #62	4   	-13796.06585	Yes        	4        	382.584    	0.201    	 0.28141   0.22466   0.24467   0.24926	-0.89953   0.16537   0.67644   0.05772  
      	     	          	           	          	           	             	                                      	 0.20714  -1.08020   0.18783   0.68523  
      	     	          	           	          	           	             	                                      	 0.77800   0.17247  -1.15778   0.20732  
      	     	          	           	          	           	             	                                      	 0.06517   0.61760   0.20350  -0.88627  
  #63	4   	-13581.45203	Yes        	4        	1.572    	0.203    	 0.28111   0.22680   0.25076   0.24133	-0.84337   0.14304   0.65578   0.04455  
      	     	          	           	          	           	             	                                      	 0.17729  -1.06772   0.19374   0.69669  
      	     	          	           	          	           	             	                                      	 0.73515   0.17523  -1.15353   0.24315  
      	     	          	           	          	           	             	                                      	 0.05190   0.65473   0.25265  -0.95928  
  #64	4   	-13601.33172	Yes        	4        	382.584    	0.201    	 0.27623   0.22364   0.25257   0.24756	-0.91174   0.16528   0.68537   0.06109  
      	     	          	           	          	           	             	                                      	 0.20415  -1.02355   0.18356   0.63585  
      	     	          	           	          	           	             	                                      	 0.74958   0.16253  -1.16905   0.25694  
      	     	          	           	          	           	             	                                      	 0.06817   0.57442   0.26214  -0.90473  
  #65	4   	-13778.91116	Yes        	4        	618.416    	0.183    	 0.27955   0.22865   0.24599   0.24581	-0.97011   0.15359   0.77243   0.04409  
      	     	          	           	          	           	             	                                      	 0.18778  -0.94192   0.12150   0.63264  
      	     	          	           	          	           	             	                                      	 0.87782   0.11293  -1.21992   0.22917  
      	     	          	           	          	           	             	                                      	 0.05014   0.58848   0.22933  -0.86795  
  #66	4   	-13591.43486	Yes        	4        	382.584    	0.202    	 0.27249   0.23555   0.24669   0.24526	-0.94486   0.20934   0.68412   0.05140  
      	     	          	           	          	           	             	                                      	 0.24217  -1.02251   0.17024   0.61010  
      	     	          	           	          	           	             	                                      	 0.75567   0.16255  -1.15626   0.23804  
      	     	          	           	          	           	             	                                      	 0.05710   0.58594   0.23943  -0.88247  
  #67	4   	-13707.41923	Yes        	4        	1.987    	0.205    	 0.28194   0.23189   0.24732   0.23884	-0.87036   0.11752   0.70283   0.05002  
      	     	          	           	          	           	             	                                      	 0.14288  -1.01326   0.18191   0.68847  
      	     	          	           	          	           	             	                                      	 0.80120   0.17056  -1.18514   0.21338  
      	     	          	           	          	           	             	                                      	 0.05904   0.66844   0.22095  -0.94843  
  #68	4   	-13667.03993	Yes        	4        	882.391    	0.121    	 0.27599   0.23368   0.24485   0.24548	-0.85369   0.13387   0.66725   0.05257  
      	     	          	           	          	           	             	                                      	 0.15810  -1.06483   0.15683   0.74989  
      	     	          	           	          	           	             	                                      	 0.75211   0.14967  -1.11624   0.21445  
      	     	          	           	          	           	             	                                      	 0.05911   0.71384   0.21390  -0.98685  
  #69	4   	-13722.76669	Yes        	4        	618.416    	0.182    	 0.27945   0.22478   0.25464   0.24114	-0.88172   0.14056   0.66426   0.07690  
      	     	          	           	          	           	             	                                      	 0.17475  -1.07337   0.21489   0.68372  
      	     	          	           	          	           	             	                                      	 0.72896   0.18969  -1.12136   0.20271  
      	     	          	           	          	           	             	                                      	 0.08911   0.63734   0.21407  -0.94052  
  #70	4   	-13713.20789	Yes        	4        	618.416    	0.186    	 0.27699   0.23628   0.23951   0.24723	-0.89398   0.20548   0.61742   0.07108  
      	     	          	           	          	           	             	                                      	 0.24089  -1.08953   0.14589   0.70275  
      	     	          	           	          	           	             	                                      	 0.71404   0.14392  -1.07451   0.21654  
      	     	          	           	          	           	             	                                      	 0.07964   0.67161   0.20978  -0.96103  
  #71	4   	-13557.78941	Yes        	4        	882.123    	0.158    	 0.27424   0.23852   0.24803   0.23921	-0.89959   0.13644   0.69027   0.07288  
      	     	          	           	          	           	             	                                      	 0.15687  -0.98659   0.16738   0.66234  
      	     	          	           	          	           	             	                                      	 0.76320   0.16096  -1.14750   0.22334  
      	     	          	           	          	           	             	                                      	 0.08355   0.66041   0.23158  -0.97555  
  #72	4   	-13675.53441	Yes        	4        	1.013    	0.200    	 0.27864   0.23125   0.24540   0.24470	-0.90059   0.13633   0.69847   0.06579  
      	     	          	           	          	           	             	                                      	 0.16426  -0.96518   0.15866   0.64226  
      	     	          	           	          	           	             	                                      	 0.79309   0.14952  -1.20276   0.26016  
      	     	          	           	          	           	             	                                      	 0.07492   0.60696   0.26089  -0.94277  
  #73	4   	-13787.52476	Yes        	4        	0.625    	0.195    	 0.26767   0.24491   0.24833   0.23909	-0.83110   0.18008   0.57527   0.07575  
      	     	          	           	          	           	             	                                      	 0.19681  -1.07618   0.14944   0.72993  
      	     	          	           	          	           	             	                                      	 0.62006   0.14738  -1.01781   0.25038  
      	     	          	           	          	           	             	                                      	 0.08480   0.74769   0.26006  -1.09256  
  #74	4   	-13582.35998	Yes        	4        	1.222    	0.202    	 0.27434   0.23169   0.25155   0.24242	-0.86792   0.19486   0.64169   0.03137  
      	     	          	           	          	           	             	                                      	 0.23072  -1.15514   0.18780   0.73661  
      	     	          	           	          	           	             	                                      	 0.69982   0.17298  -1.06248   0.18968  
      	     	          	           	          	           	             	                                      	 0.03550   0.70403   0.19683  -0.93637  
  #75	4   	-13693.79930	Yes        	4        	0.787    	0.197    	 0.28196   0.22882   0.25181   0.23742	-0.85413   0.11961   0.67870   0.05583  
      	     	          	           	          	           	             	                                      	 0.14739  -1.09385   0.18158   0.76488  
      	     	          	           	          	           	             	                                      	 0.75998   0.16500  -1.09417   0.16919  
      	     	          	           	          	           	             	                                      	 0.06630   0.73717   0.17944  -0.98291  
  #76	4   	-13630.47981	Yes        	4        	0.829    	0.198    	 0.28333   0.23625   0.23714   0.24328	-0.80610   0.11637   0.63153   0.05820  
      	     	          	           	          	           	             	                                      	 0.13957  -1.06888   0.14262   0.78668  
      	     	          	           	          	           	             	                                      	 0.75454   0.14209  -1.11617   0.21954  
      	     	          	           	          	           	             	                                      	 0.06778   0.76392   0.21400  -1.04570  
  #77	4   	-13665.77300	Yes        	4        	881.774    	0.174    	 0.28141   0.23191   0.24483   0.24185	-0.92635   0.15583   0.69381   0.07671  
      	     	          	           	          	           	             	                                      	 0.18909  -1.02471   0.15760   0.67801  
      	     	          	           	          	           	             	                                      	 0.79750   0.14929  -1.13275   0.18597  
      	     	          	           	          	           	             	                                      	 0.08925   0.65012   0.18825  -0.92763  
  #78	4   	-13779.98305	Yes        	4        	618.416    	0.183    	 0.27657   0.24333   0.24254   0.23755	-0.86131   0.13168   0.65460   0.07503  
      	     	          	           	          	           	             	                                      	 0.14967  -1.01376   0.17513   0.68896  
      	     	          	           	          	           	             	                                      	 0.74644   0.17570  -1.13457   0.21243  
      	     	          	           	          	           	             	                                      	 0.08735   0.70573   0.21689  -1.00997  
  #79	4   	-13457.66317	Yes        	4        	1.506    	0.202    	 0.28431   0.23652   0.24069   0.23848	-0.85271   0.14516   0.65646   0.05109  
      	     	          	           	          	           	             	                                      	 0.17449  -1.04281   0.13886   0.72946  
      	     	          	           	          	           	             	                                      	 0.77545   0.13646  -1.12873   0.21683  
      	     	          	           	          	           	             	                                      	 0.06091   0.72346   0.21883  -1.00321  
  #80	4   	-13607.56790	Yes        	4        	382.584    	0.202    	 0.27711   0.23259   0.23858   0.25171	-0.84022   0.15643   0.61871   0.06508  
      	     	          	           	          	           	             	                                      	 0.18637  -1.09072   0.14310   0.76125  
      	     	          	           	          	           	             	                                      	 0.71862   0.13951  -1.09628   0.23815  
      	     	          	           	          	           	             	                                      	 0.07165   0.70344   0.22573  -1.00081  
  #81	4   	-13787.93085	Yes        	4        	0.701    	0.196    	 0.27773   0.22729   0.25000   0.24498	-0.92278   0.16059   0.70144   0.06074  
      	     	          	           	          	           	             	                                      	 0.19624  -1.02738   0.15151   0.67963  
      	     	          	           	          	           	             	                                      	 0.77926   0.13774  -1.13622   0.21922  
      	     	          	           	          	           	             	                                      	 0.06886   0.63056   0.22372  -0.92313  
  #82	4   	-13565.65286	Yes        	4        	882.267    	0.143    	 0.27662   0.22956   0.24642   0.24740	-0.89556   0.16091   0.67394   0.06071  
      	     	          	           	          	           	             	                                      	 0.19390  -1.12336   0.19215   0.73732  
      	     	          	           	          	           	             	                                      	 0.75654   0.17900  -1.09341   0.15787  
      	     	          	           	          	           	             	                                      	 0.06788   0.68415   0.15724  -0.90927  
  #83	4   	-13659.36548	Yes        	4        	882.023    	0.164    	 0.28426   0.22947   0.24559   0.24068	-0.82936   0.14253   0.64731   0.03952  
      	     	          	           	          	           	             	                                      	 0.17656  -1.05947   0.15679   0.72612  
      	     	          	           	          	           	             	                                      	 0.74926   0.14650  -1.14677   0.25100  
      	     	          	           	          	           	             	                                      	 0.04668   0.69228   0.25612  -0.99508  
  #84	4   	-14006.42078	Yes        	4        	382.584    	0.238    	 0.27184   0.23729   0.24408   0.24679	-0.87577   0.12336   0.66213   0.09028  
      	     	          	           	          	           	             	                                      	 0.14132  -0.97765   0.15466   0.68166  
      	     	          	           	          	           	             	                                      	 0.73743   0.15036  -1.14788   0.26009  
      	     	          	           	          	           	             	                                      	 0.09944   0.65541   0.25723  -1.01208  
  #85	4   	-13435.15711	Yes        	4        	618.416    	0.199    	 0.27708   0.23311   0.24544   0.24437	-0.82253   0.14921   0.61735   0.05597  
      	     	          	           	          	           	             	                                      	 0.17735  -1.04281   0.19649   0.66897  
      	     	          	           	          	           	             	                                      	 0.69694   0.18662  -1.17016   0.28660  
      	     	          	           	          	           	             	                                      	 0.06346   0.63816   0.28786  -0.98949  
  #86	4   	-13591.49052	Yes        	4        	618.416    	0.183    	 0.27640   0.23461   0.23850   0.25049	-0.83431   0.13603   0.62706   0.07122  
      	     	          	           	          	           	             	                                      	 0.16027  -0.98960   0.15246   0.67688  
      	     	          	           	          	           	             	                                      	 0.72670   0.14997  -1.19040   0.31373  
      	     	          	           	          	           	             	                                      	 0.07859   0.63397   0.29872  -1.01128  
  #87	4   	-13476.79365	Yes        	4        	1.795    	0.204    	 0.28299   0.23960   0.24088   0.23654	-0.83355   0.20697   0.57413   0.05245  
      	     	          	           	          	           	             	                                      	 0.24445  -1.10157   0.16290   0.69422  
      	     	          	           	          	           	             	                                      	 0.67450   0.16204  -1.08045   0.24391  
      	     	          	           	          	           	             	                                      	 0.06274   0.70320   0.24839  -1.01433  
  #88	4   	-13622.83947	Yes        	4        	0.406    	0.210    	 0.27490   0.23333   0.24242   0.24934	-0.80106   0.15032   0.61531   0.03543  
      	     	          	           	          	           	             	                                      	 0.17710  -1.13006   0.16072   0.79224  
      	     	          	           	          	           	             	                                      	 0.69773   0.15469  -1.08933   0.23691  
      	     	          	           	          	           	             	                                      	 0.03906   0.74137   0.23033  -1.01077  
  #89	4   	-13755.77101	Yes        	4        	618.416    	0.198    	 0.27049   0.23010   0.25447   0.24493	-0.86299   0.15264   0.65452   0.05583  
      	     	          	           	          	           	             	                                      	 0.17943  -1.15154   0.15451   0.81761  
      	     	          	           	          	           	             	                                      	 0.69572   0.13971  -1.00393   0.16851  
      	     	          	           	          	           	             	                                      	 0.06166   0.76811   0.17507  -1.00484  
  #90	4   	-13768.85279	Yes        	4        	618.416    	0.177    	 0.26992   0.24009   0.24957   0.24042	-0.88806   0.12613   0.71983   0.04210  
      	     	          	           	          	           	             	                                      	 0.14180  -0.96275   0.17777   0.64318  
      	     	          	           	          	           	             	                                      	 0.77851   0.17102  -1.20273   0.25321  
      	     	          	           	          	           	             	                                      	 0.04726   0.64231   0.26285  -0.95242  
  #91	4   	-13599.21836	Yes        	4        	382.584    	0.225    	 0.28328   0.23224   0.24217   0.24231	-0.93158   0.14775   0.72153   0.06230  
      	     	          	           	          	           	             	                                      	 0.18022  -1.00984   0.12380   0.70581  
      	     	          	           	          	           	             	                                      	 0.84401   0.11873  -1.14210   0.17936  
      	     	          	           	          	           	             	                                      	 0.07283   0.67646   0.17925  -0.92854  
  #92	4   	-13643.57655	Yes        	4        	618.416    	0.176    	 0.28213   0.22706   0.24322   0.24760	-0.86131   0.16521   0.61469   0.08141  
      	     	          	           	          	           	             	                                      	 0.20528  -1.06772   0.14334   0.71909  
      	     	          	           	          	           	             	                                      	 0.71303   0.13381  -1.09839   0.25155  
      	     	          	           	          	           	             	                                      	 0.09276   0.65943   0.24710  -0.99929  
  #93	4   	-13527.87114	Yes        	4        	382.584    	0.202    	 0.28443   0.23428   0.24161   0.23968	-0.91093   0.15644   0.69307   0.06142  
      	     	          	           	          	           	             	                                      	 0.18993  -1.00121   0.18854   0.62274  
      	     	          	           	          	           	             	                                      	 0.81592   0.18282  -1.20915   0.21041  
      	     	          	           	          	           	             	                                      	 0.07289   0.60871   0.21210  -0.89370  
  #94	4   	-13637.22128	Yes        	4        	382.584    	0.202    	 0.28158   0.22831   0.24125   0.24886	-0.77135   0.15200   0.57795   0.04140  
      	     	          	           	          	           	             	                                      	 0.18747  -1.16926   0.20954   0.77225  
      	     	          	           	          	           	             	                                      	 0.67455   0.19829  -1.11598   0.24314  
      	     	          	           	          	           	             	                                      	 0.04684   0.70845   0.23571  -0.99100  
  #95	4   	-13748.80138	Yes        	4        	882.225    	0.143    	 0.27988   0.22990   0.25353   0.23668	-0.82638   0.10257   0.65023   0.07358  
      	     	          	           	          	           	             	                                      	 0.12487  -1.08117   0.19687   0.75942  
      	     	          	           	          	           	             	                                      	 0.71780   0.17852  -1.08902   0.19270  
      	     	          	           	          	           	             	                                      	 0.08701   0.73768   0.20642  -1.03111  
  #96	4   	-13740.16250	Yes        	4        	382.584    	0.201    	 0.27250   0.24052   0.24558   0.24140	-0.89088   0.13134   0.70726   0.05228  
      	     	          	           	          	           	             	                                      	 0.14880  -0.97309   0.13525   0.68904  
      	     	          	           	          	           	             	                                      	 0.78480   0.13246  -1.15740   0.24015  
      	     	          	           	          	           	             	                                      	 0.05902   0.68654   0.24431  -0.98987  
  #97	4   	-13581.74664	Yes        	4        	618.416    	0.181    	 0.27240   0.23090   0.24571   0.25098	-0.98008   0.18012   0.71629   0.08366  
      	     	          	           	          	           	             	                                      	 0.21249  -1.00178   0.18009   0.60920  
      	     	          	           	          	           	             	                                      	 0.79410   0.16924  -1.17000   0.20665  
      	     	          	           	          	           	             	                                      	 0.09080   0.56045   0.20231  -0.85356  
  #98	4   	-13686.55525	Yes        	4        	1.027    	0.200    	 0.27537   0.23977   0.24779   0.23707	-0.85989   0.12569   0.66701   0.06719  
      	     	          	           	          	           	             	                                      	 0.14436  -1.06209   0.17053   0.74721  
      	     	          	           	          	           	             	                                      	 0.74125   0.16501  -1.08047   0.17421  
      	     	          	           	          	           	             	                                      	 0.07805   0.75570   0.18209  -1.01583  
  #99	4   	-13618.31931	Yes        	4        	382.584    	0.224    	 0.28379   0.22447   0.24437   0.24737	-0.86710   0.18326   0.64733   0.03652  
      	     	          	           	          	           	             	                                      	 0.23168  -1.11790   0.18923   0.69698  
      	     	          	           	          	           	             	                                      	 0.75175   0.17382  -1.15062   0.22505  
      	     	          	           	          	           	             	                                      	 0.04189   0.63247   0.22232  -0.89668  
  #100	4   	-13631.36822	Yes        	4        	382.584    	0.221    	 0.27515   0.23363   0.24994   0.24128	-0.86911   0.17766   0.61870   0.07275  
      	     	          	           	          	           	             	                                      	 0.20924  -1.21586   0.15548   0.85114  
      	     	          	           	          	           	             	                                      	 0.68109   0.14533  -0.92921   0.10280  
      	     	          	           	          	           	             	                                      	 0.08296   0.82413   0.10649  -1.01358  
