. Sequence file : [Hominid_COL1A2.phy]

. Model of nucleotides substitution : GTR

. Initial tree : [BioNJ]


. Data	Nb of 	Likelihood	Discrete   	Number of 	Gamma shape	Proportion of	Nucleotides frequencies               	Instantaneous rate matrix              	
  set	taxa	loglk     	gamma model	categories	parameter  	invariant    	f(A)      f(C)      f(G)      f(T)    	[A---------C---------G---------T------]	

  #1	4   	-57631.08551	Yes        	4        	4.549    	0.198    	 0.30659   0.19109   0.18577   0.31655	-0.81842   0.11944   0.56793   0.13105  
      	     	          	           	          	           	             	                                      	 0.19162  -1.27704   0.19654   0.88887  
      	     	          	           	          	           	             	                                      	 0.93729   0.20217  -1.36375   0.22429  
      	     	          	           	          	           	             	                                      	 0.12693   0.53660   0.13163  -0.79515  
  #2	4   	-57473.00448	Yes        	4        	1.860    	0.204    	 0.30452   0.18548   0.18668   0.32331	-0.86473   0.09780   0.63707   0.12986  
      	     	          	           	          	           	             	                                      	 0.16056  -1.25451   0.20102   0.89293  
      	     	          	           	          	           	             	                                      	 1.03921   0.19972  -1.41979   0.18085  
      	     	          	           	          	           	             	                                      	 0.12231   0.51227   0.10443  -0.73901  
  #3	4   	-57663.01419	Yes        	4        	1.469    	0.202    	 0.30157   0.19132   0.18562   0.32149	-0.86955   0.11649   0.64134   0.11172  
      	     	          	           	          	           	             	                                      	 0.18362  -1.25296   0.20303   0.86631  
      	     	          	           	          	           	             	                                      	 1.04195   0.20926  -1.42999   0.17877  
      	     	          	           	          	           	             	                                      	 0.10480   0.51555   0.10322  -0.72356  
  #4	4   	-57456.25101	Yes        	4        	382.584    	0.202    	 0.30710   0.18998   0.18633   0.31658	-0.83761   0.12426   0.59252   0.12083  
      	     	          	           	          	           	             	                                      	 0.20086  -1.28778   0.17140   0.91552  
      	     	          	           	          	           	             	                                      	 0.97656   0.17476  -1.34596   0.19464  
      	     	          	           	          	           	             	                                      	 0.11722   0.54942   0.11456  -0.78120  
  #5	4   	-57618.16903	Yes        	4        	0.732    	0.198    	 0.30482   0.18670   0.18785   0.32063	-0.83523   0.10145   0.59765   0.13613  
      	     	          	           	          	           	             	                                      	 0.16564  -1.26323   0.19536   0.90222  
      	     	          	           	          	           	             	                                      	 0.96981   0.19417  -1.37951   0.21553  
      	     	          	           	          	           	             	                                      	 0.12941   0.52535   0.12627  -0.78104  
  #6	4   	-57588.65833	Yes        	4        	0.762    	0.198    	 0.30274   0.19061   0.18527   0.32138	-0.84109   0.10389   0.59969   0.13751  
      	     	          	           	          	           	             	                                      	 0.16500  -1.26492   0.17482   0.92511  
      	     	          	           	          	           	             	                                      	 0.97993   0.17986  -1.35254   0.19275  
      	     	          	           	          	           	             	                                      	 0.12954   0.54868   0.11112  -0.78934  
  #7	4   	-57771.12671	Yes        	4        	1.252    	0.202    	 0.30534   0.18666   0.18722   0.32078	-0.83449   0.10466   0.59886   0.13097  
      	     	          	           	          	           	             	                                      	 0.17122  -1.30865   0.16342   0.97401  
      	     	          	           	          	           	             	                                      	 0.97672   0.16293  -1.31530   0.17565  
      	     	          	           	          	           	             	                                      	 0.12467   0.56675   0.10251  -0.79393  
  #8	4   	-57275.33443	Yes        	4        	0.590    	0.195    	 0.30267   0.18924   0.18666   0.32143	-0.83124   0.11315   0.59250   0.12559  
      	     	          	           	          	           	             	                                      	 0.18098  -1.28297   0.19812   0.90387  
      	     	          	           	          	           	             	                                      	 0.96075   0.20086  -1.37517   0.21356  
      	     	          	           	          	           	             	                                      	 0.11826   0.53216   0.12402  -0.77444  
  #9	4   	-57859.81567	Yes        	4        	1.423    	0.203    	 0.30501   0.19196   0.18445   0.31858	-0.80881   0.10478   0.57609   0.12793  
      	     	          	           	          	           	             	                                      	 0.16649  -1.26453   0.18431   0.91373  
      	     	          	           	          	           	             	                                      	 0.95263   0.19182  -1.37498   0.23053  
      	     	          	           	          	           	             	                                      	 0.12248   0.55058   0.13348  -0.80654  
  #10	4   	-57550.07999	Yes        	4        	0.894    	0.199    	 0.30443   0.19021   0.18632   0.31904	-0.84917   0.12661   0.61075   0.11180  
      	     	          	           	          	           	             	                                      	 0.20264  -1.27911   0.17306   0.90341  
      	     	          	           	          	           	             	                                      	 0.99789   0.17666  -1.37171   0.19716  
      	     	          	           	          	           	             	                                      	 0.10668   0.53861   0.11514  -0.76044  
  #11	4   	-57271.42423	Yes        	4        	0.807    	0.198    	 0.30593   0.18901   0.18710   0.31795	-0.86419   0.13423   0.60309   0.12687  
      	     	          	           	          	           	             	                                      	 0.21725  -1.24025   0.20871   0.81428  
      	     	          	           	          	           	             	                                      	 0.98614   0.21085  -1.42283   0.22584  
      	     	          	           	          	           	             	                                      	 0.12208   0.48407   0.13290  -0.73904  
  #12	4   	-57728.07587	Yes        	4        	1.134    	0.201    	 0.30478   0.18841   0.18256   0.32425	-0.81061   0.11945   0.56656   0.12460  
      	     	          	           	          	           	             	                                      	 0.19322  -1.34060   0.19165   0.95572  
      	     	          	           	          	           	             	                                      	 0.94583   0.19779  -1.34501   0.20139  
      	     	          	           	          	           	             	                                      	 0.11712   0.55534   0.11339  -0.78585  
  #13	4   	-57893.36892	Yes        	4        	0.690    	0.197    	 0.30764   0.18879   0.18429   0.31929	-0.79583   0.09634   0.58853   0.11096  
      	     	          	           	          	           	             	                                      	 0.15699  -1.30181   0.21616   0.92866  
      	     	          	           	          	           	             	                                      	 0.98248   0.22144  -1.41579   0.21186  
      	     	          	           	          	           	             	                                      	 0.10691   0.54909   0.12228  -0.77829  
  #14	4   	-57946.36952	Yes        	4        	0.988    	0.200    	 0.30314   0.19038   0.18708   0.31940	-0.81747   0.11177   0.57538   0.13033  
      	     	          	           	          	           	             	                                      	 0.17796  -1.31508   0.23145   0.90567  
      	     	          	           	          	           	             	                                      	 0.93234   0.23554  -1.35874   0.19086  
      	     	          	           	          	           	             	                                      	 0.12369   0.53983   0.11179  -0.77531  
  #15	4   	-57149.89145	Yes        	4        	0.533    	0.195    	 0.30300   0.19025   0.18600   0.32074	-0.88193   0.12310   0.62491   0.13393  
      	     	          	           	          	           	             	                                      	 0.19605  -1.24294   0.18614   0.86075  
      	     	          	           	          	           	             	                                      	 1.01798   0.19040  -1.38900   0.18062  
      	     	          	           	          	           	             	                                      	 0.12652   0.51058   0.10474  -0.74184  
  #16	4   	-57765.12886	Yes        	4        	0.892    	0.199    	 0.30480   0.19028   0.18187   0.32305	-0.82939   0.11077   0.59563   0.12299  
      	     	          	           	          	           	             	                                      	 0.17744  -1.25878   0.22624   0.85510  
      	     	          	           	          	           	             	                                      	 0.99822   0.23669  -1.46279   0.22788  
      	     	          	           	          	           	             	                                      	 0.11605   0.50366   0.12830  -0.74800  
  #17	4   	-57643.90604	Yes        	4        	1.431    	0.203    	 0.30324   0.18942   0.18975   0.31758	-0.81858   0.10548   0.58822   0.12488  
      	     	          	           	          	           	             	                                      	 0.16887  -1.29759   0.21513   0.91359  
      	     	          	           	          	           	             	                                      	 0.94002   0.21475  -1.35488   0.20010  
      	     	          	           	          	           	             	                                      	 0.11924   0.54491   0.11956  -0.78370  
  #18	4   	-58038.47614	Yes        	4        	1.272    	0.202    	 0.30677   0.18992   0.18399   0.31932	-0.81943   0.12050   0.57583   0.12310  
      	     	          	           	          	           	             	                                      	 0.19464  -1.32365   0.22160   0.90741  
      	     	          	           	          	           	             	                                      	 0.96011   0.22875  -1.37472   0.18586  
      	     	          	           	          	           	             	                                      	 0.11826   0.53971   0.10709  -0.76506  
  #19	4   	-57401.68368	Yes        	4        	1.872    	0.203    	 0.30857   0.18771   0.18062   0.32309	-0.82715   0.08560   0.62900   0.11254  
      	     	          	           	          	           	             	                                      	 0.14072  -1.25419   0.21289   0.90058  
      	     	          	           	          	           	             	                                      	 1.07457   0.22124  -1.49376   0.19795  
      	     	          	           	          	           	             	                                      	 0.10749   0.52322   0.11066  -0.74137  
  #20	4   	-57973.30078	Yes        	4        	1.582    	0.203    	 0.30352   0.19031   0.18458   0.32159	-0.81701   0.10422   0.58527   0.12751  
      	     	          	           	          	           	             	                                      	 0.16622  -1.29923   0.19784   0.93517  
      	     	          	           	          	           	             	                                      	 0.96243   0.20399  -1.36359   0.19717  
      	     	          	           	          	           	             	                                      	 0.12035   0.55342   0.11317  -0.78694  
  #21	4   	-57577.64861	Yes        	4        	0.357    	0.189    	 0.30846   0.18617   0.18568   0.31969	-0.80951   0.09992   0.60686   0.10274  
      	     	          	           	          	           	             	                                      	 0.16555  -1.29194   0.22290   0.90350  
      	     	          	           	          	           	             	                                      	 1.00810   0.22348  -1.45025   0.21867  
      	     	          	           	          	           	             	                                      	 0.09913   0.52614   0.12701  -0.75227  
  #22	4   	-57438.82303	Yes        	4        	1.698    	0.203    	 0.30669   0.19019   0.18587   0.31725	-0.84518   0.13390   0.60194   0.10934  
      	     	          	           	          	           	             	                                      	 0.21592  -1.28308   0.18172   0.88543  
      	     	          	           	          	           	             	                                      	 0.99318   0.18593  -1.38267   0.20356  
      	     	          	           	          	           	             	                                      	 0.10570   0.53080   0.11926  -0.75576  
  #23	4   	-57560.52195	Yes        	4        	3.211    	0.197    	 0.31061   0.19072   0.18099   0.31768	-0.84352   0.09840   0.62013   0.12499  
      	     	          	           	          	           	             	                                      	 0.16025  -1.21482   0.16381   0.89076  
      	     	          	           	          	           	             	                                      	 1.06421   0.17261  -1.44054   0.20371  
      	     	          	           	          	           	             	                                      	 0.12221   0.53476   0.11606  -0.77304  
  #24	4   	-57592.20007	Yes        	4        	0.997    	0.200    	 0.30613   0.19316   0.18792   0.31279	-0.86154   0.11854   0.60619   0.13681  
      	     	          	           	          	           	             	                                      	 0.18786  -1.21592   0.20573   0.82233  
      	     	          	           	          	           	             	                                      	 0.98752   0.21146  -1.39948   0.20050  
      	     	          	           	          	           	             	                                      	 0.13390   0.50782   0.12046  -0.76218  
  #25	4   	-57457.04044	Yes        	4        	0.862    	0.199    	 0.30496   0.18780   0.18596   0.32128	-0.87601   0.10208   0.62965   0.14428  
      	     	          	           	          	           	             	                                      	 0.16577  -1.23532   0.17304   0.89650  
      	     	          	           	          	           	             	                                      	 1.03258   0.17475  -1.37938   0.17204  
      	     	          	           	          	           	             	                                      	 0.13695   0.52403   0.09958  -0.76056  
  #26	4   	-57664.60132	Yes        	4        	1.096    	0.201    	 0.30593   0.18846   0.18729   0.31832	-0.80931   0.09674   0.59597   0.11660  
      	     	          	           	          	           	             	                                      	 0.15704  -1.32751   0.19859   0.97188  
      	     	          	           	          	           	             	                                      	 0.97348   0.19983  -1.34322   0.16992  
      	     	          	           	          	           	             	                                      	 0.11206   0.57539   0.09997  -0.78743  
  #27	4   	-57937.90558	Yes        	4        	1.231    	0.202    	 0.30732   0.18458   0.18395   0.32415	-0.82862   0.10755   0.60268   0.11839  
      	     	          	           	          	           	             	                                      	 0.17907  -1.31712   0.21895   0.91910  
      	     	          	           	          	           	             	                                      	 1.00688   0.21970  -1.41842   0.19184  
      	     	          	           	          	           	             	                                      	 0.11224   0.52335   0.10887  -0.74446  
  #28	4   	-57815.61327	Yes        	4        	1.024    	0.200    	 0.30455   0.19043   0.18462   0.32040	-0.83535   0.11579   0.58222   0.13735  
      	     	          	           	          	           	             	                                      	 0.18518  -1.29673   0.16559   0.94595  
      	     	          	           	          	           	             	                                      	 0.96046   0.17081  -1.31501   0.18374  
      	     	          	           	          	           	             	                                      	 0.13055   0.56222   0.10587  -0.79864  
  #29	4   	-57709.91575	Yes        	4        	1.047    	0.200    	 0.30648   0.18533   0.18640   0.32178	-0.84088   0.08827   0.63559   0.11702  
      	     	          	           	          	           	             	                                      	 0.14597  -1.26103   0.19448   0.92059  
      	     	          	           	          	           	             	                                      	 1.04507   0.19337  -1.42956   0.19112  
      	     	          	           	          	           	             	                                      	 0.11145   0.53022   0.11071  -0.75239  
  #30	4   	-57547.71834	Yes        	4        	1.015    	0.200    	 0.30672   0.19053   0.18238   0.32037	-0.76778   0.10330   0.55856   0.10592  
      	     	          	           	          	           	             	                                      	 0.16630  -1.33605   0.20307   0.96668  
      	     	          	           	          	           	             	                                      	 0.93940   0.21215  -1.37980   0.22825  
      	     	          	           	          	           	             	                                      	 0.10141   0.57491   0.12994  -0.80626  
  #31	4   	-57657.29468	Yes        	4        	1.329    	0.202    	 0.30975   0.18869   0.18352   0.31804	-0.86180   0.11304   0.61140   0.13736  
      	     	          	           	          	           	             	                                      	 0.18556  -1.23731   0.19436   0.85738  
      	     	          	           	          	           	             	                                      	 1.03191   0.19984  -1.42029   0.18854  
      	     	          	           	          	           	             	                                      	 0.13378   0.50869   0.10880  -0.75127  
  #32	4   	-57697.91494	Yes        	4        	880.359    	0.193    	 0.30435   0.18879   0.18706   0.31979	-0.83693   0.13500   0.59766   0.10427  
      	     	          	           	          	           	             	                                      	 0.21764  -1.30050   0.20561   0.87725  
      	     	          	           	          	           	             	                                      	 0.97238   0.20751  -1.39823   0.21834  
      	     	          	           	          	           	             	                                      	 0.09924   0.51789   0.12772  -0.74484  
  #33	4   	-57846.59661	Yes        	4        	382.584    	0.204    	 0.30213   0.18897   0.18869   0.32021	-0.81398   0.12036   0.56636   0.12726  
      	     	          	           	          	           	             	                                      	 0.19244  -1.32048   0.21383   0.91420  
      	     	          	           	          	           	             	                                      	 0.90687   0.21415  -1.33782   0.21680  
      	     	          	           	          	           	             	                                      	 0.12007   0.53951   0.12775  -0.78733  
  #34	4   	-57458.73974	Yes        	4        	0.659    	0.196    	 0.30461   0.19061   0.18852   0.31626	-0.87042   0.10991   0.65225   0.10826  
      	     	          	           	          	           	             	                                      	 0.17566  -1.23998   0.21133   0.85299  
      	     	          	           	          	           	             	                                      	 1.05389   0.21367  -1.43727   0.16970  
      	     	          	           	          	           	             	                                      	 0.10427   0.51409   0.10116  -0.71952  
  #35	4   	-57642.33134	Yes        	4        	0.480    	0.193    	 0.30357   0.19009   0.18342   0.32293	-0.81234   0.11137   0.58758   0.11339  
      	     	          	           	          	           	             	                                      	 0.17786  -1.32153   0.20543   0.93824  
      	     	          	           	          	           	             	                                      	 0.97250   0.21289  -1.38168   0.19628  
      	     	          	           	          	           	             	                                      	 0.10659   0.55228   0.11148  -0.77036  
  #36	4   	-57604.98781	Yes        	4        	0.476    	0.192    	 0.30599   0.18710   0.18590   0.32101	-0.86025   0.10241   0.63360   0.12425  
      	     	          	           	          	           	             	                                      	 0.16747  -1.24041   0.19973   0.87321  
      	     	          	           	          	           	             	                                      	 1.04288   0.20103  -1.43770   0.19378  
      	     	          	           	          	           	             	                                      	 0.11843   0.50895   0.11222  -0.73961  
  #37	4   	-57676.14606	Yes        	4        	0.651    	0.196    	 0.30676   0.18805   0.18183   0.32336	-0.84315   0.10372   0.60041   0.13902  
      	     	          	           	          	           	             	                                      	 0.16919  -1.30023   0.20104   0.93000  
      	     	          	           	          	           	             	                                      	 1.01297   0.20792  -1.37854   0.15766  
      	     	          	           	          	           	             	                                      	 0.13188   0.54083   0.08865  -0.76136  
  #38	4   	-57824.92460	Yes        	4        	0.950    	0.200    	 0.30693   0.18840   0.18481   0.31986	-0.83061   0.12184   0.58313   0.12565  
      	     	          	           	          	           	             	                                      	 0.19849  -1.32442   0.22398   0.90196  
      	     	          	           	          	           	             	                                      	 0.96848   0.22833  -1.37501   0.17820  
      	     	          	           	          	           	             	                                      	 0.12057   0.53125   0.10296  -0.75478  
  #39	4   	-57579.71059	Yes        	4        	1.151    	0.201    	 0.30864   0.19039   0.18229   0.31869	-0.83743   0.11553   0.59228   0.12962  
      	     	          	           	          	           	             	                                      	 0.18728  -1.23806   0.21017   0.84061  
      	     	          	           	          	           	             	                                      	 1.00279   0.21951  -1.44987   0.22757  
      	     	          	           	          	           	             	                                      	 0.12553   0.50219   0.13017  -0.75790  
  #40	4   	-57996.97489	Yes        	4        	0.549    	0.194    	 0.30459   0.19123   0.18612   0.31806	-0.82135   0.10852   0.58298   0.12985  
      	     	          	           	          	           	             	                                      	 0.17284  -1.28495   0.20879   0.90332  
      	     	          	           	          	           	             	                                      	 0.95407   0.21452  -1.36823   0.19964  
      	     	          	           	          	           	             	                                      	 0.12435   0.54311   0.11682  -0.78428  
  #41	4   	-57479.51334	Yes        	4        	0.897    	0.199    	 0.31074   0.18684   0.18427   0.31815	-0.82994   0.10882   0.59875   0.12237  
      	     	          	           	          	           	             	                                      	 0.18098  -1.31879   0.20563   0.93219  
      	     	          	           	          	           	             	                                      	 1.00973   0.20850  -1.37840   0.16017  
      	     	          	           	          	           	             	                                      	 0.11952   0.54743   0.09277  -0.75972  
  #42	4   	-57521.20328	Yes        	4        	0.792    	0.198    	 0.30566   0.18863   0.18402   0.32168	-0.80274   0.10291   0.59421   0.10562  
      	     	          	           	          	           	             	                                      	 0.16675  -1.32636   0.17099   0.98861  
      	     	          	           	          	           	             	                                      	 0.98701   0.17528  -1.35732   0.19503  
      	     	          	           	          	           	             	                                      	 0.10037   0.57972   0.11157  -0.79166  
  #43	4   	-57460.73548	Yes        	4        	1.625    	0.203    	 0.30204   0.18932   0.18430   0.32434	-0.82748   0.10977   0.58044   0.13727  
      	     	          	           	          	           	             	                                      	 0.17512  -1.32349   0.20619   0.94218  
      	     	          	           	          	           	             	                                      	 0.95123   0.21180  -1.34023   0.17720  
      	     	          	           	          	           	             	                                      	 0.12783   0.54997   0.10069  -0.77849  
  #44	4   	-58014.14494	Yes        	4        	0.908    	0.199    	 0.30346   0.18897   0.18725   0.32032	-0.80051   0.11305   0.55980   0.12765  
      	     	          	           	          	           	             	                                      	 0.18155  -1.32770   0.17180   0.97435  
      	     	          	           	          	           	             	                                      	 0.90721   0.17337  -1.29683   0.21624  
      	     	          	           	          	           	             	                                      	 0.12093   0.57480   0.12641  -0.82215  
  #45	4   	-57466.17392	Yes        	4        	1.168    	0.201    	 0.30645   0.18866   0.18494   0.31995	-0.79738   0.11865   0.54908   0.12965  
      	     	          	           	          	           	             	                                      	 0.19274  -1.37261   0.24393   0.93595  
      	     	          	           	          	           	             	                                      	 0.90986   0.24883  -1.33739   0.17869  
      	     	          	           	          	           	             	                                      	 0.12418   0.55187   0.10329  -0.77934  
  #46	4   	-57447.57422	Yes        	4        	1.820    	0.204    	 0.30328   0.19176   0.18503   0.31993	-0.82197   0.12227   0.57707   0.12263  
      	     	          	           	          	           	             	                                      	 0.19336  -1.32687   0.20055   0.93295  
      	     	          	           	          	           	             	                                      	 0.94585   0.20785  -1.33395   0.18024  
      	     	          	           	          	           	             	                                      	 0.11625   0.55921   0.10424  -0.77970  
  #47	4   	-57808.72587	Yes        	4        	0.322    	0.186    	 0.30537   0.18547   0.18522   0.32393	-0.79719   0.11764   0.56592   0.11363  
      	     	          	           	          	           	             	                                      	 0.19370  -1.38275   0.22368   0.96537  
      	     	          	           	          	           	             	                                      	 0.93301   0.22397  -1.35149   0.19451  
      	     	          	           	          	           	             	                                      	 0.10712   0.55273   0.11122  -0.77106  
  #48	4   	-57379.33699	Yes        	4        	1.458    	0.202    	 0.30203   0.19167   0.18610   0.32021	-0.82753   0.11617   0.56401   0.14734  
      	     	          	           	          	           	             	                                      	 0.18306  -1.28846   0.24365   0.86175  
      	     	          	           	          	           	             	                                      	 0.91535   0.25094  -1.37152   0.20524  
      	     	          	           	          	           	             	                                      	 0.13898   0.51583   0.11928  -0.77409  
  #49	4   	-57569.09267	Yes        	4        	1.305    	0.202    	 0.30615   0.18929   0.18792   0.31664	-0.80813   0.12206   0.54518   0.14090  
      	     	          	           	          	           	             	                                      	 0.19741  -1.35120   0.22334   0.93045  
      	     	          	           	          	           	             	                                      	 0.88819   0.22497  -1.29509   0.18194  
      	     	          	           	          	           	             	                                      	 0.13623   0.55623   0.10798  -0.80043  
  #50	4   	-57436.19390	Yes        	4        	0.606    	0.196    	 0.30525   0.18823   0.18252   0.32401	-0.79867   0.11396   0.56003   0.12468  
      	     	          	           	          	           	             	                                      	 0.18481  -1.34186   0.23454   0.92252  
      	     	          	           	          	           	             	                                      	 0.93663   0.24187  -1.38898   0.21048  
      	     	          	           	          	           	             	                                      	 0.11747   0.53592   0.11857  -0.77196  
  #51	4   	-57437.77474	Yes        	4        	1.482    	0.203    	 0.30656   0.18771   0.18637   0.31935	-0.83488   0.13054   0.58799   0.11635  
      	     	          	           	          	           	             	                                      	 0.21319  -1.30267   0.17916   0.91032  
      	     	          	           	          	           	             	                                      	 0.96718   0.18044  -1.35983   0.21220  
      	     	          	           	          	           	             	                                      	 0.11169   0.53508   0.12384  -0.77061  
  #52	4   	-57753.16318	Yes        	4        	2.306    	0.196    	 0.30341   0.18938   0.18371   0.32349	-0.85328   0.12732   0.60111   0.12485  
      	     	          	           	          	           	             	                                      	 0.20398  -1.31548   0.20658   0.90492  
      	     	          	           	          	           	             	                                      	 0.99280   0.21296  -1.37235   0.16658  
      	     	          	           	          	           	             	                                      	 0.11710   0.52977   0.09460  -0.74147  
  #53	4   	-57508.15383	Yes        	4        	0.957    	0.200    	 0.30404   0.18919   0.18240   0.32437	-0.85582   0.13701   0.56422   0.15460  
      	     	          	           	          	           	             	                                      	 0.22018  -1.32331   0.20022   0.90292  
      	     	          	           	          	           	             	                                      	 0.94047   0.20767  -1.31861   0.17046  
      	     	          	           	          	           	             	                                      	 0.14491   0.52664   0.09586  -0.76740  
  #54	4   	-57695.02116	Yes        	4        	0.742    	0.197    	 0.30671   0.19065   0.18472   0.31793	-0.82309   0.11974   0.56085   0.14250  
      	     	          	           	          	           	             	                                      	 0.19264  -1.29554   0.18781   0.91509  
      	     	          	           	          	           	             	                                      	 0.93123   0.19384  -1.32694   0.20187  
      	     	          	           	          	           	             	                                      	 0.13747   0.54873   0.11729  -0.80349  
  #55	4   	-57485.54846	Yes        	4        	0.975    	0.200    	 0.30148   0.19134   0.18630   0.32088	-0.87990   0.12715   0.61240   0.14036  
      	     	          	           	          	           	             	                                      	 0.20034  -1.25901   0.17225   0.88642  
      	     	          	           	          	           	             	                                      	 0.99103   0.17692  -1.34057   0.17262  
      	     	          	           	          	           	             	                                      	 0.13187   0.52857   0.10022  -0.76066  
  #56	4   	-57621.03373	Yes        	4        	1.023    	0.200    	 0.30625   0.18892   0.18361   0.32122	-0.83506   0.10169   0.58814   0.14522  
      	     	          	           	          	           	             	                                      	 0.16485  -1.28201   0.18875   0.92841  
      	     	          	           	          	           	             	                                      	 0.98095   0.19420  -1.35604   0.18089  
      	     	          	           	          	           	             	                                      	 0.13845   0.54603   0.10340  -0.78788  
  #57	4   	-57352.00326	Yes        	4        	1.578    	0.203    	 0.30676   0.18868   0.18393   0.32063	-0.82308   0.10465   0.56841   0.15002  
      	     	          	           	          	           	             	                                      	 0.17014  -1.30118   0.19031   0.94073  
      	     	          	           	          	           	             	                                      	 0.94800   0.19522  -1.32867   0.18545  
      	     	          	           	          	           	             	                                      	 0.14353   0.55358   0.10638  -0.80350  
  #58	4   	-57829.92426	Yes        	4        	0.997    	0.200    	 0.30276   0.18897   0.18468   0.32360	-0.86966   0.10743   0.63745   0.12479  
      	     	          	           	          	           	             	                                      	 0.17212  -1.22248   0.21988   0.83049  
      	     	          	           	          	           	             	                                      	 1.04500   0.22498  -1.47694   0.20695  
      	     	          	           	          	           	             	                                      	 0.11675   0.48497   0.11811  -0.71983  
  #59	4   	-57610.86812	Yes        	4        	0.958    	0.200    	 0.30510   0.19031   0.18397   0.32062	-0.84456   0.11705   0.58300   0.14451  
      	     	          	           	          	           	             	                                      	 0.18765  -1.25728   0.19332   0.87630  
      	     	          	           	          	           	             	                                      	 0.96688   0.19999  -1.37758   0.21071  
      	     	          	           	          	           	             	                                      	 0.13751   0.52014   0.12090  -0.77855  
  #60	4   	-57605.39551	Yes        	4        	0.816    	0.198    	 0.30587   0.18785   0.18364   0.32263	-0.80103   0.11009   0.56818   0.12276  
      	     	          	           	          	           	             	                                      	 0.17926  -1.34268   0.25193   0.91150  
      	     	          	           	          	           	             	                                      	 0.94636   0.25770  -1.40247   0.19841  
      	     	          	           	          	           	             	                                      	 0.11638   0.53071   0.11293  -0.76002  
  #61	4   	-57668.98558	Yes        	4        	1.050    	0.200    	 0.30620   0.19224   0.18173   0.31982	-0.81917   0.11631   0.55204   0.15083  
      	     	          	           	          	           	             	                                      	 0.18525  -1.30170   0.22108   0.89537  
      	     	          	           	          	           	             	                                      	 0.93016   0.23387  -1.35408   0.19005  
      	     	          	           	          	           	             	                                      	 0.14440   0.53820   0.10799  -0.79059  
  #62	4   	-57351.98627	Yes        	4        	1.671    	0.203    	 0.30387   0.18714   0.18725   0.32174	-0.82784   0.12231   0.57273   0.13280  
      	     	          	           	          	           	             	                                      	 0.19859  -1.30724   0.19815   0.91050  
      	     	          	           	          	           	             	                                      	 0.92941   0.19804  -1.34626   0.21881  
      	     	          	           	          	           	             	                                      	 0.12542   0.52960   0.12735  -0.78237  
  #63	4   	-57781.62152	Yes        	4        	0.688    	0.197    	 0.30647   0.19086   0.18176   0.32091	-0.82697   0.10035   0.59798   0.12863  
      	     	          	           	          	           	             	                                      	 0.16114  -1.26484   0.19253   0.91116  
      	     	          	           	          	           	             	                                      	 1.00830   0.20217  -1.40804   0.19756  
      	     	          	           	          	           	             	                                      	 0.12284   0.54190   0.11189  -0.77663  
  #64	4   	-57567.60370	Yes        	4        	1.654    	0.203    	 0.30489   0.18914   0.18563   0.32034	-0.84261   0.10086   0.60412   0.13763  
      	     	          	           	          	           	             	                                      	 0.16259  -1.24495   0.17155   0.91081  
      	     	          	           	          	           	             	                                      	 0.99225   0.17480  -1.37379   0.20674  
      	     	          	           	          	           	             	                                      	 0.13099   0.53778   0.11980  -0.78857  
  #65	4   	-57953.58845	Yes        	4        	0.974    	0.200    	 0.30346   0.19091   0.18725   0.31838	-0.86794   0.10547   0.63228   0.13019  
      	     	          	           	          	           	             	                                      	 0.16766  -1.22258   0.17799   0.87693  
      	     	          	           	          	           	             	                                      	 1.02465   0.18146  -1.39422   0.18811  
      	     	          	           	          	           	             	                                      	 0.12409   0.52583   0.11063  -0.76055  
  #66	4   	-57676.20972	Yes        	4        	0.350    	0.188    	 0.30407   0.19000   0.18271   0.32322	-0.85337   0.11950   0.60906   0.12482  
      	     	          	           	          	           	             	                                      	 0.19124  -1.28278   0.20503   0.88651  
      	     	          	           	          	           	             	                                      	 1.01358   0.21321  -1.40806   0.18127  
      	     	          	           	          	           	             	                                      	 0.11742   0.52114   0.10247  -0.74104  
  #67	4   	-57686.85061	Yes        	4        	1.412    	0.202    	 0.30776   0.18726   0.18624   0.31873	-0.81722   0.12214   0.57794   0.11714  
      	     	          	           	          	           	             	                                      	 0.20073  -1.35542   0.22958   0.92511  
      	     	          	           	          	           	             	                                      	 0.95505   0.23084  -1.35909   0.17320  
      	     	          	           	          	           	             	                                      	 0.11311   0.54353   0.10121  -0.75785  
  #68	4   	-57541.58030	Yes        	4        	1.029    	0.200    	 0.30630   0.18930   0.18287   0.32152	-0.79544   0.10516   0.56425   0.12603  
      	     	          	           	          	           	             	                                      	 0.17015  -1.33617   0.20710   0.95892  
      	     	          	           	          	           	             	                                      	 0.94507   0.21439  -1.35427   0.19482  
      	     	          	           	          	           	             	                                      	 0.12006   0.56458   0.11081  -0.79545  
  #69	4   	-57875.73763	Yes        	4        	0.554    	0.194    	 0.29964   0.19313   0.18590   0.32133	-0.84206   0.11853   0.60232   0.12121  
      	     	          	           	          	           	             	                                      	 0.18391  -1.28542   0.20837   0.89314  
      	     	          	           	          	           	             	                                      	 0.97084   0.21647  -1.37531   0.18801  
      	     	          	           	          	           	             	                                      	 0.11303   0.53680   0.10877  -0.75860  
  #70	4   	-57975.42590	Yes        	4        	0.687    	0.197    	 0.30646   0.19003   0.18314   0.32037	-0.81727   0.11705   0.56841   0.13181  
      	     	          	           	          	           	             	                                      	 0.18876  -1.31657   0.23623   0.89157  
      	     	          	           	          	           	             	                                      	 0.95114   0.24512  -1.38857   0.19230  
      	     	          	           	          	           	             	                                      	 0.12609   0.52886   0.10993  -0.76488  
  #71	4   	-57383.45664	Yes        	4        	0.726    	0.197    	 0.30544   0.19172   0.18336   0.31948	-0.84206   0.13212   0.58787   0.12207  
      	     	          	           	          	           	             	                                      	 0.21048  -1.28139   0.16978   0.90112  
      	     	          	           	          	           	             	                                      	 0.97927   0.17752  -1.36123   0.20444  
      	     	          	           	          	           	             	                                      	 0.11670   0.54078   0.11733  -0.77481  
  #72	4   	-57565.94481	Yes        	4        	382.584    	0.201    	 0.30389   0.19022   0.18225   0.32365	-0.83349   0.10713   0.59681   0.12955  
      	     	          	           	          	           	             	                                      	 0.17115  -1.30670   0.18440   0.95116  
      	     	          	           	          	           	             	                                      	 0.99516   0.19247  -1.35615   0.16852  
      	     	          	           	          	           	             	                                      	 0.12164   0.55901   0.09489  -0.77554  
  #73	4   	-57820.29761	Yes        	4        	1.494    	0.203    	 0.30523   0.19088   0.18320   0.32068	-0.87899   0.13182   0.60697   0.14020  
      	     	          	           	          	           	             	                                      	 0.21079  -1.25731   0.20908   0.83744  
      	     	          	           	          	           	             	                                      	 1.01126   0.21785  -1.40344   0.17433  
      	     	          	           	          	           	             	                                      	 0.13345   0.49849   0.09960  -0.73153  
  #74	4   	-57680.33560	Yes        	4        	4.403    	0.198    	 0.30544   0.18986   0.18519   0.31950	-0.78566   0.11167   0.55363   0.12036  
      	     	          	           	          	           	             	                                      	 0.17965  -1.34504   0.22712   0.93827  
      	     	          	           	          	           	             	                                      	 0.91312   0.23285  -1.35526   0.20928  
      	     	          	           	          	           	             	                                      	 0.11506   0.55758   0.12131  -0.79395  
  #75	4   	-57597.88199	Yes        	4        	1.698    	0.203    	 0.30565   0.19328   0.18306   0.31802	-0.81783   0.12254   0.58330   0.11198  
      	     	          	           	          	           	             	                                      	 0.19379  -1.29154   0.18885   0.90889  
      	     	          	           	          	           	             	                                      	 0.97394   0.19939  -1.38017   0.20684  
      	     	          	           	          	           	             	                                      	 0.10763   0.55238   0.11906  -0.77907  
  #76	4   	-57625.85646	Yes        	4        	0.602    	0.195    	 0.30503   0.18891   0.18352   0.32254	-0.79409   0.11034   0.54757   0.13619  
      	     	          	           	          	           	             	                                      	 0.17816  -1.37809   0.19611   1.00382  
      	     	          	           	          	           	             	                                      	 0.91013   0.20187  -1.28147   0.16947  
      	     	          	           	          	           	             	                                      	 0.12880   0.58792   0.09642  -0.81314  
  #77	4   	-57566.82890	Yes        	4        	0.527    	0.194    	 0.30575   0.18757   0.18540   0.32128	-0.82947   0.11330   0.62000   0.09617  
      	     	          	           	          	           	             	                                      	 0.18467  -1.33381   0.16176   0.98738  
      	     	          	           	          	           	             	                                      	 1.02245   0.16365  -1.35247   0.16637  
      	     	          	           	          	           	             	                                      	 0.09153   0.57647   0.09601  -0.76400  
  #78	4   	-57665.20246	Yes        	4        	0.354    	0.189    	 0.30422   0.19128   0.18278   0.32172	-0.78515   0.11407   0.55588   0.11520  
      	     	          	           	          	           	             	                                      	 0.18143  -1.37200   0.21429   0.97628  
      	     	          	           	          	           	             	                                      	 0.92521   0.22424  -1.33226   0.18280  
      	     	          	           	          	           	             	                                      	 0.10893   0.58044   0.10386  -0.79323  
  #79	4   	-57755.76124	Yes        	4        	1.016    	0.200    	 0.30627   0.19037   0.18288   0.32048	-0.84109   0.09803   0.58392   0.15914  
      	     	          	           	          	           	             	                                      	 0.15772  -1.22498   0.21275   0.85452  
      	     	          	           	          	           	             	                                      	 0.97791   0.22146  -1.41384   0.21447  
      	     	          	           	          	           	             	                                      	 0.15209   0.50760   0.12238  -0.78207  
  #80	4   	-57662.80762	Yes        	4        	3.196    	0.197    	 0.30565   0.18953   0.18483   0.31999	-0.82209   0.11153   0.57391   0.13665  
      	     	          	           	          	           	             	                                      	 0.17985  -1.29621   0.22263   0.89373  
      	     	          	           	          	           	             	                                      	 0.94906   0.22830  -1.37830   0.20094  
      	     	          	           	          	           	             	                                      	 0.13053   0.52938   0.11607  -0.77597  
  #81	4   	-57785.48425	Yes        	4        	0.951    	0.200    	 0.30489   0.18623   0.18353   0.32534	-0.80892   0.12415   0.58107   0.10370  
      	     	          	           	          	           	             	                                      	 0.20325  -1.36401   0.19990   0.96086  
      	     	          	           	          	           	             	                                      	 0.96531   0.20285  -1.37081   0.20266  
      	     	          	           	          	           	             	                                      	 0.09718   0.55002   0.11432  -0.76152  
  #82	4   	-57700.72681	Yes        	4        	1.086    	0.201    	 0.30608   0.18966   0.18395   0.32031	-0.84682   0.10494   0.60840   0.13348  
      	     	          	           	          	           	             	                                      	 0.16936  -1.24118   0.18385   0.88797  
      	     	          	           	          	           	             	                                      	 1.01237   0.18956  -1.40589   0.20396  
      	     	          	           	          	           	             	                                      	 0.12756   0.52579   0.11713  -0.77047  
  #83	4   	-57833.65454	Yes        	4        	1.179    	0.201    	 0.30237   0.18989   0.18482   0.32292	-0.86631   0.11959   0.62278   0.12395  
      	     	          	           	          	           	             	                                      	 0.19042  -1.24695   0.17653   0.88001  
      	     	          	           	          	           	             	                                      	 1.01888   0.18137  -1.40274   0.20249  
      	     	          	           	          	           	             	                                      	 0.11606   0.51750   0.11589  -0.74945  
  #84	4   	-57768.56446	Yes        	4        	1.027    	0.200    	 0.30352   0.18851   0.18197   0.32600	-0.83137   0.10073   0.60407   0.12657  
      	     	          	           	          	           	             	                                      	 0.16219  -1.28160   0.20844   0.91097  
      	     	          	           	          	           	             	                                      	 1.00758   0.21593  -1.42489   0.20138  
      	     	          	           	          	           	             	                                      	 0.11784   0.52676   0.11240  -0.75701  
  #85	4   	-57997.32196	Yes        	4        	0.889    	0.199    	 0.30539   0.19067   0.19034   0.31360	-0.83188   0.10494   0.59248   0.13446  
      	     	          	           	          	           	             	                                      	 0.16808  -1.23674   0.19310   0.87556  
      	     	          	           	          	           	             	                                      	 0.95058   0.19344  -1.36568   0.22166  
      	     	          	           	          	           	             	                                      	 0.13093   0.53235   0.13454  -0.79783  
  #86	4   	-57465.65110	Yes        	4        	1.441    	0.203    	 0.30748   0.18589   0.18565   0.32097	-0.82109   0.10338   0.63390   0.08382  
      	     	          	           	          	           	             	                                      	 0.17099  -1.30485   0.21710   0.91676  
      	     	          	           	          	           	             	                                      	 1.04987   0.21738  -1.46522   0.19796  
      	     	          	           	          	           	             	                                      	 0.08030   0.53094   0.11450  -0.72574  
  #87	4   	-57497.53908	Yes        	4        	2.367    	0.205    	 0.30727   0.18766   0.18816   0.31691	-0.84833   0.11774   0.58222   0.14837  
      	     	          	           	          	           	             	                                      	 0.19278  -1.27767   0.19019   0.89471  
      	     	          	           	          	           	             	                                      	 0.95081   0.18969  -1.33045   0.18995  
      	     	          	           	          	           	             	                                      	 0.14386   0.52981   0.11278  -0.78644  
  #88	4   	-57518.28570	Yes        	4        	0.867    	0.199    	 0.30825   0.18828   0.18557   0.31789	-0.83968   0.11282   0.60539   0.12147  
      	     	          	           	          	           	             	                                      	 0.18471  -1.26734   0.19400   0.88863  
      	     	          	           	          	           	             	                                      	 1.00561   0.19684  -1.40356   0.20112  
      	     	          	           	          	           	             	                                      	 0.11779   0.52633   0.11741  -0.76153  
  #89	4   	-57338.36312	Yes        	4        	1.013    	0.200    	 0.30601   0.18669   0.18192   0.32538	-0.86619   0.13689   0.59174   0.13757  
      	     	          	           	          	           	             	                                      	 0.22439  -1.29201   0.23168   0.83594  
      	     	          	           	          	           	             	                                      	 0.99537   0.23775  -1.42892   0.19579  
      	     	          	           	          	           	             	                                      	 0.12938   0.47964   0.10947  -0.71849  
  #90	4   	-57672.00527	Yes        	4        	0.718    	0.197    	 0.30373   0.19052   0.18646   0.31928	-0.81028   0.12106   0.57171   0.11750  
      	     	          	           	          	           	             	                                      	 0.19300  -1.31392   0.21033   0.91060  
      	     	          	           	          	           	             	                                      	 0.93125   0.21491  -1.36247   0.21631  
      	     	          	           	          	           	             	                                      	 0.11177   0.54337   0.12633  -0.78147  
  #91	4   	-57644.37554	Yes        	4        	0.992    	0.200    	 0.30588   0.18930   0.18430   0.32052	-0.78455   0.10912   0.55171   0.12371  
      	     	          	           	          	           	             	                                      	 0.17633  -1.39730   0.25050   0.97047  
      	     	          	           	          	           	             	                                      	 0.91566   0.25728  -1.32974   0.15680  
      	     	          	           	          	           	             	                                      	 0.11806   0.57314   0.09016  -0.78137  
  #92	4   	-57509.10675	Yes        	4        	0.594    	0.195    	 0.30194   0.19284   0.18432   0.32090	-0.85808   0.12242   0.59900   0.13666  
      	     	          	           	          	           	             	                                      	 0.19169  -1.25138   0.17459   0.88510  
      	     	          	           	          	           	             	                                      	 0.98125   0.18266  -1.36226   0.19835  
      	     	          	           	          	           	             	                                      	 0.12859   0.53188   0.11393  -0.77440  
  #93	4   	-57325.72938	Yes        	4        	2.181    	0.205    	 0.30902   0.18777   0.18374   0.31947	-0.81344   0.09257   0.60175   0.11913  
      	     	          	           	          	           	             	                                      	 0.15234  -1.25174   0.18811   0.91129  
      	     	          	           	          	           	             	                                      	 1.01201   0.19223  -1.43387   0.22963  
      	     	          	           	          	           	             	                                      	 0.11524   0.53563   0.13207  -0.78294  
  #94	4   	-58020.44465	Yes        	4        	0.626    	0.195    	 0.30454   0.18783   0.18340   0.32423	-0.87313   0.11642   0.63341   0.12330  
      	     	          	           	          	           	             	                                      	 0.18875  -1.26187   0.19350   0.87961  
      	     	          	           	          	           	             	                                      	 1.05178   0.19818  -1.42735   0.17740  
      	     	          	           	          	           	             	                                      	 0.11581   0.50957   0.10035  -0.72573  
  #95	4   	-57640.52694	Yes        	4        	0.375    	0.189    	 0.30736   0.18493   0.18486   0.32285	-0.81738   0.09060   0.59779   0.12899  
      	     	          	           	          	           	             	                                      	 0.15057  -1.30098   0.18945   0.96095  
      	     	          	           	          	           	             	                                      	 0.99393   0.18953  -1.37832   0.19487  
      	     	          	           	          	           	             	                                      	 0.12280   0.55045   0.11158  -0.78483  
  #96	4   	-57523.26776	Yes        	4        	1.849    	0.204    	 0.30602   0.18984   0.18455   0.31959	-0.81163   0.11359   0.58928   0.10876  
      	     	          	           	          	           	             	                                      	 0.18311  -1.27717   0.20779   0.88628  
      	     	          	           	          	           	             	                                      	 0.97712   0.21374  -1.42890   0.23803  
      	     	          	           	          	           	             	                                      	 0.10414   0.52646   0.13745  -0.76806  
  #97	4   	-57712.61667	Yes        	4        	3.683    	0.197    	 0.30544   0.18861   0.18528   0.32068	-0.83178   0.10506   0.60068   0.12605  
      	     	          	           	          	           	             	                                      	 0.17014  -1.28624   0.22790   0.88820  
      	     	          	           	          	           	             	                                      	 0.99023   0.23199  -1.41349   0.19127  
      	     	          	           	          	           	             	                                      	 0.12006   0.52240   0.11051  -0.75297  
  #98	4   	-57743.51848	Yes        	4        	382.584    	0.201    	 0.30662   0.18829   0.18606   0.31903	-0.88527   0.11983   0.64618   0.11927  
      	     	          	           	          	           	             	                                      	 0.19514  -1.20256   0.18219   0.82523  
      	     	          	           	          	           	             	                                      	 1.06490   0.18438  -1.45818   0.20890  
      	     	          	           	          	           	             	                                      	 0.11463   0.48705   0.12183  -0.72351  
  #99	4   	-57352.75711	Yes        	4        	1.000    	0.201    	 0.30791   0.18745   0.18586   0.31877	-0.81731   0.09890   0.60616   0.11224  
      	     	          	           	          	           	             	                                      	 0.16246  -1.22446   0.21935   0.84264  
      	     	          	           	          	           	             	                                      	 1.00421   0.22123  -1.49051   0.26507  
      	     	          	           	          	           	             	                                      	 0.10842   0.49552   0.15455  -0.75848  
  #100	4   	-58064.34884	Yes        	4        	0.497    	0.193    	 0.30517   0.18836   0.18827   0.31819	-0.85900   0.10657   0.63099   0.12145  
      	     	          	           	          	           	             	                                      	 0.17265  -1.23758   0.19178   0.87315  
      	     	          	           	          	           	             	                                      	 1.02276   0.19187  -1.41256   0.19793  
      	     	          	           	          	           	             	                                      	 0.11648   0.51688   0.11711  -0.75048  
