90
105
145
170
200
235
240
255
295
300
315
415
425
440
450
465
470
505
510
525
540
550
555
560
565
570
575
580
595
600
605
610
615
625
630
640
645
650
655
660
665
670
675
680
685
690
695
705
715
720
725
740
745
750
755
760
765
770
775
780
785
790
795
800
805
810
815
825
830
835
840
845
850
855
860
865
870
875
880
885
890
895
900
905
910
915
920
925
930
935
940
945
950
955
960
965
975
990
995
1015
1020
1040
1045
1065
1080
1085
1105
1130
1135
1150
1160
1175
1190
1200
1240
1245
1250
1255
1265
1285
1290
1305
1310
1330
1335
1340
1360
1370
1375
1380
1385
1390
1395
1400
1405
1410
1415
1425
1430
1440
1445
1450
1455
1465
1470
1480
1485
1490
1495
1500
1505
1510
1515
1525
1535
1540
1545
1550
1560
1565
1570
1575
1580
1585
1590
1595
1600
1610
1615
1620
1625
1630
1635
1640
1645
1650
1655
1660
1665
1670
1675
1680
1685
1690
1695
1700
1705
1710
1715
1720
1725
1730
1735
1740
1750
1755
1760
1765
1770
1775
1780
1785
1790
1795
1800
1805
1810
1815
1820
1825
1830
1835
1840
1850
1855
1860
1865
1870
1875
1885
1890
1895
1900
1905
1910
1915
1920
1925
1930
1935
1940
1945
1965
1980
2035
2050
2055
2065
2070
2075
2095
2100
2105
2135
2155
2180
2185
2190
2195
2200
2205
2210
2215
2225
2230
2235
2240
2245
2255
2260
2265
2270
2275
2285
2290
2295
2305
2310
2320
2325
2335
2340
2345
2350
2355
2360
2365
2375
2380
2385
2390
2400
2405
2410
2415
2900
3040
3045
3140
3170
3210
3215
4424
4568
4870
4915
5080
5170
5260
5295
5300
5465
5530
5565
5610
5665
5710
5760
5790
5795
5800
5825
5835
5915
5930
5935
6015
6095
6110
6150
6330
6350
6365
6375
6395
6430
6435
6450
6470
6480
6485
6495
6505
6510
6515
6555
6570
6580
6590
6595
6615
6640
6660
6670
6675
6690
6700
6715
6735
6740
6745
6760
6770
6775
6780
6790
6795
6800
6805
6810
6820
6825
6830
6840
6845
6865
6885
6900
6905
6910
6935
6940
6945
6950
6955
6960
6965
6975
6980
7015
7020
7025
7035
7040
7050
7055
7065
7070
7085
7090
7095
7100
7110
7130
7135
7140
7155
7170
7195
7200
7205
7210
7215
7220
7225
7235
7240
7245
7250
7260
7275
7280
7285
7290
7295
7300
7305
7310
7315
7320
7325
7335
7345
7350
7355
7360
7365
7370
7380
7390
7425
7435
7470
7480
7485
