1890

1925

1945
1925


1680

1855

1885

1915

1665

1945

1945

1945

1895

1895

1945

1945

1875

1860

1840

1865

1945

1650

1945

1850

3210

3140

6700

7025

6430

7055

6885

6955

6825

5835

6110

6515

5800

6775

6975

6780

6350

6790

7195

6900

6150
7015


6945

6660

640

680

580

570

695

470

200

315

645

645

570

685

315

560

575

440

670

470

610

570

665

675

990

890

2305

2265

2390

2345

2380

2065

2350

2255

2320

2355

2365

2075

2255

1965

1250

2260

2360

2265

2385

2340

2345

2345

2035

1720

2055

1265

1725

255

965

1820

1440

1730

1485

1085

1650

1250

1500

1625

1665

1655

1340

1370

1685

1715

1575

3045

1790

1455

1430

3045

3045

3045

3045

3045

3045

3045

3045

3045

3045

105

3045

3045

3045

3045

770

860

930

3045

3040

3045

3045

3045

3045

3045

3045

3045

885

960

300

895

240

860

870

955

960

1835

895

855

860

1815

1835

770

895

830

810

1835

295

795

300

815

1815

1820

1780

1785

1750

1785

1835

1785

1805

1835

1780

1835

1645

2415

2415

2415

1835

1835

1805

1835

1825

1760

2415

2365

1740

2415

2390

2415

2415

2415

2415

2415

2415

2415

2415

2415

2415

1765

2375

2415

2415

1470

2415

1615

1635

1610

2415

2415

2415

1390

945

1590

900

1535

1160

1590

1400

1080

1290

1135

1425

1200

1545

995

2105

1615

2105

2105

2105

1570

2105

1590

2105

2105

885

2105

2105

2105

2105

2105

2105

2105

2105

2105

1045

2105

1045

2105

2105

1045

1045

2105

2105

1045

2105

1045

1045

1045

2105

2105

1045

1045

1045

1045

1045

1045

1045

1045

1380

1045

1045

1395

1395

1045

1395

1395

1045

1045

1395

1045

1395

1045

1395

1395

1040

1395

1395

1395

1395

1395

1395

1580

1720

1775

1395

1395

1395

1395

1395

1395

1440

1770

1395

1380

1810

1785

1415

1290

1670

1385

1395

1755

915

1925

920

1600

1810

945

1935

1680

1805

625

855

1690

1800

1775

795

1755

1675

955

845

910

745

865

900

1805

925

950

915

940

885

925

950

905

955

880

6805

955

6825

6825

6805

915

6825

6830

6830

6830

6830

6830

6805

6805

6830

6830

6830

6830

6805

6825

6830

6830

6830

6830

7315

7390

7370

6770

6830

6830

7215

6810

6820

6640

7360

7155

7435

7035

6820

2235

2235

7055

2230

7305

7250

6945

7250

2230

7425

7325

6975

7140

2210

2235

7235

7370

2235

2235

2235

2235

2235

2215

2235

2235

2230

2235

4568

5710

2235

2235

2235

2235

2235

2235

4568

5710

2235

2235

5710

5710

4568

4568

5710

5710

5710

5710

5710

5710

1515

4568

1515

1515

4568

5710

5710

4568

1515

1515

5710

4568

5710

1500

1515

1515

1515

1515

1515

5530

4568

1515

1495

1515

1510

1515

1515

1515

1515

1480

1510

1515

1515

1480

1905

1945

1865

1915

1820

1945

1735

1815

1735

1695

1875

6435

1695

5790

1665

1850

1895

6955

1840

1865

1945

1840

6485

1940

6395

1885

1945

1945

6790

945

1840

2900

690

470

6015

6745

6740

3170

6595

650

595

6770

5800

600

7225

5465

315

5610

7050

2200

6935

720

2095

2385

650

7090

4870

6910

6110

780

665

685

6905

755

640

725

2390

2390

2365

595

465

640

2355

965

595

805

1825

600

2360

200

505

2390

2385

690

2385

2245

1150

640

2290

1290

2365

2325

850

2385

1740

2240

1755

3045

1305

2260

3045

2260

1175

2035

3045

1265

2390

1795

1675

2345

660

1790

3045

1720

1375

2260

3045

880

3040

1765

860

3045

715

930

830

3045

3045

845

1830

1705

1840

895

3045

3040

855

835

3045

3045

295

3045

895

3045

1820

3045

3045

3045

1835

3045

765

3045

875

1835

860

855

170

1785

3045

145

910

1825

3045

3045

3045

855

895

770

1665

960

1800

2415

860

2415

1825

960

1835

890

845

955

1705

2415

1740

765

1700

1800

2375

2415

1700

1710

1750

1805

1490

1780

2415

2415

765

1750

2415

1835

2375

1780

1790

1645

1780

1835

2415

2415

1550

2415

1695

2390

2415

2415

1500

2390

2415

2105

2415

2105

1255

1690

2415

2415

1740

2415

2400

2415

995

1670

1665

2105

1770

1560

1045

2105

1585

950

1655

2105

1785

2390

2105

1045

2105

1540

2105

1525

1245

2105

1680

645

2105

1395

1045

2105

2105

2105

2105

1045

2105

1395

1590

1045

2105

2105

1045

1040

2105

2100

2105

1045

2105

1045

1020

2105

2105

1045

1020

1045

1785

1395

1045

1045

1045

1045

1560

1395

1395

1395

1045

1045

1045

2105

1395

1395

1015

1395

1395

1045

625

1395

1045

1395

1395

1395

1395

565

1395

1700

1545

1395

1395

1395

1680

1600

1045

1395

1805

1645

1395

1640

1395

1395

1620

1805

1750

1800

1425

1695

905

6795

1720

905

1780

1615

950

950

1680

955

6830

875

1770

845

1805

1380

945

745

1785

1835

920

955

955

870

615

950

950

6830

835

925

955

6825

1790

7380

935

6775

6805

885

6770

6830

6830

7480

6480

6800

6830

6830

6480

6830

6830

945

6480

6830

6480

6830

2210

7280

6830

7250

6480

6830

2215

7195

7240

6450

7245

7210

6330

2235

7055

6975

7065

7310

2235

7170

6830

4568

7100

6495

2235

2235

7335

2210

7200

7360

7250

5710

2235

7275

7015

2235

2235

2235

2225

2210

1515

2235

2235

4568

2210

2235

2235

6795

5710

2210

2235

5710

5710

1515

5710

2200

2235

2235

4568

4424

5710

4568

1515

5710

2235

1515

4568

1510

1515
5710


4568

4568

1515

4568

5530

5710

5710

1515

1515

1515

5710

5710

1515

5710

1480

1510

1515

1490

1515

1515

1515

1515

5530

1490

1500

1515

1510

1515

1730

1945

6690

1925

505

6945

6435

1980

930

1830

315

1665

785

1705

1695

1640

1830

2290

2360

5930

5300

3045

3215

1705

7110

6570

745

1815

6780

200

895

900

630

3045

450

540

1700

1785

2390

1930

3045

2390

2050

1680

910

1735

1740

2390

1840
1925


1925

1945

1675

1945

1735

2245

1400

145

1830

1715

1940

2415

1815

2310

1810

5170

1835

1775

6840

5665

5665

255

6555

6015

1805

6365

3045

5915

1540

6790

255

670

7280

3040

3045

6940

655

7095

2415

6670

705

6095

740

7040

3045

745

845

235

510

660

3045

2415

925

525

960

760

2105

2385

510

955

1465

3045

415

1825

935

850

605

2360

2290

2270

2390

850

1780

2275

1875

1045

885

2295

1820

2390

2380

105

1630

2105

1820

1805

2075

1805

2180

2065

2390

1570

1515

1445

920

690

895

1395

255

1815
2415


1785

2105

1285

2415

1815

1045

2415

1285

1405

945

3045

2415

975

3045

3045

3045

3045

3045

2415

1045

1675

3045

1635

3045

3045

3045

1200

3045

2415

1395

1685

770

3045

3045

1650

825

890

3045

3045

895

860

955

1395

1635

960

770

2105

950

955

2105

1765

1775

1685

2105

800

960

960

2105

1835

960

1665

1835

1835

1830

1525

1820

1805

1045

2105

1815

1780

1765

1045

6830

785

2415

2105

1750

1020

1045

1700

1650

1835

2415

2400

875

2415

2415

2415

1045

2415

2415

2415

1395

1395

2415

1020

2415

2415

1395

1190

1395

2400

2400

1615

1715

2405

7280

1775

6825

1540

1395

1380

1695

1105

1790

1795

1735

900

950

1635

6830

1395

1335

1560

1700

1625

1550

2105

2105

2105

2105

2235

1800

2105

2105

2105

955

915

2105

2105

2105

2105

2105

955

6845

1810

1045

2105

930

2105

2105

1045

1045

1045

775

1045

7070

1045

1045

1045

1045

1045

4568

1045

1045

750

2235

6480

6830

1395

1040

1045

1395

1045

1395

1395

1395

6830

1395

1395

1395

2235

1395

6830

1395

6805

1395

1515

1395

1670

1395

1525

1395

4568

1395

1805

6830

1775

7290

1735

7205

1785

1675

1805

1810

1665

1600

1615

910

4568

935

6790

7295

1890

1895

7470

895

905

1810

1515

790

2235

935

2235

900

955

955

950

7135

880

955

1515

780

2235

855

890

2235

2230

6825

6830

2235

6830

5710

6830

4568

6825

6830

6830

6820

6830

6830

6830

6775

4568

4568

5710

6830

6805

6805

1515

6760

7170

1385

6470

5710

1515

1510

7355

7300

7225

7345

7485

6775

1515

7205

7285

7070

2230

2235

2210

1515

6945

7355

7015

2235

2235

2235

2225

2235

2235

2235

2235

2230

5710

4568

2235

2235

4568

2215

1905

4568

5530

4568

5710

4568

4568

5710

1515

5710

1380

1485

5710

5710

1730

4568

1515

1860

1510

4568

1510

1515

1515

1515

1515

1515

1515

7020

1515

1515

1515

7220

695

6840

525

595

2135

1930

1895

1310

2190

1735

3210

1610

6110

1330

3045

765

675

1945

145

3045

3045

1900

1870

2070

2390

295

1835

830

5795

1390

6960

5260

1815

1810

2415

1805

200

1895

580

3045

715

1810

1695

2415

2415

3045

5080

815

2180

2285

1725

1250

2105

1625

825

540

1700

1655

90

1945

1835

1905

1810

1945

1930

1945

2105

1680

1045

3040

2105

2205

1710

2415

3045

1790

1665

4915

5565

1045

1395

1920

3045

1045

6615

1735

825

6735

1680

6590

1800

1820

6715

1855

2415

6950

5935

765

1065

425

595

725

1395

1660

920

1395

945

560

5825

740

740

1820

595

6965

3045

1400

6865

6375

1820

7260

5760

2155

2105

1600

1965

5935

1850

835

1810

935

2365

2310

1820

2345

555

2325

770

465

670

2415

2245

550

2105

795

1240

1045

880

740

2415

1595

1335

900

2195

1330

1360

1780

2415

1130

1800

1730

1790

6830

2385

2390

1045

2185

2335

2360

880

1395

1875

3045

3045

1805

3045

1665

3045

6830

3045

3040

1395

6830

1735

2105

1785

3045

2415

850

3045

1700

1080

1505

900

2105

1810

955

860

950

830

7250

2105

3045

770

1045

1775

895

6960

3045

955

1725

3045

3045

3045

1045

7085

1825

885

3045

3045

1785

1735

1785

2235

1045

895

1805

1395

1790

105

890

105

1830

835

2105

1820

2235

860

960

1395

835

2400

2235

2405

2415

2415

1395

1580

1835

2415

2415

1805

1830

6830

1835

5710

2415

1020

1780

930

1830

2415

1780

1410

6805

5710

1590

1580

4568

955

1795

1440

1790

2415

2415

1450

1515

2415

1105

1395

2415

1615

2105

2415

795

2415

6580

1490

2415

2105

2105

1515

2100

2105

1565

870

1540

1690

7205

900

1415

2105

1455

2105

6805

1045

2105

1040

1685

2230

1045

1545

1045

1045

6820

2105

2105

810

2210

2105

2105

1045

1045

2105

1395

1040

1395

6830

1395

1395

2105

1045

2105

1395

7135

5710

1045

1045

1395

1045

7335

1045

1395

1395

6480

1665

1580

1585

4568

1685

1045

1045

1395

1645

2235

1485

7130

1665

1395

1395

1395

1395

900

2215

1625

895

1775

945

1515

945

875

1395

1395

1670

840

2230

7350

1600

1510

4568

1755

1805

1945

875

955

1465

955

4568

1860

6830

1905

1800

6830

930

505

815

6830

2230

1515

955

6830

4568

6825

6830

945

1510

815

6830

6805

6800

6830

5295

6675

1510

6510

6800

6825

5710

7110

6805

7280

7390

6820

755

7245

560

7320

6775

725

6480

1515

6820

6980

2215

2235

2235

6700

2235

6910

1910

2235

7345

2360

6505

2235

1620

6830

1825

2215

7365

2235

2235

7355

2210

5710

1695

1265

4568

2210

2235

5710

4568

1790

2235

4568

4568

2235

6780

2210

4424

1480

1515

3045

4568

3045

1515

4568

1510

4568

1515

3045

5710

1515

4568

5710

315

1515

295

5710

860

1515

4568

1515

1515

845

1515

1510

1515

2345

1740

1515

1750

1515

1755

1630

2400

2415

2415

1455

1425

3045

1690

910

2105

2105

2105

1045

1795

1045

1045

1395

1395

2410

1395

1790

1765

1750

1545

870

745

2105

895

1045

6825

6825

6830

1395

7280

7335

7210

1835

2235

2230

815

2235

5710

5710

4568

6820

1515

1515

1515

7015

2205

4568

1500

